DevID	 CerebusTime	 Roll	 Pitch	 Yaw
1	 3865.344967	 -0.026360	 0.018287	 0.009822
1	 3865.344967	 -0.061614	 0.051341	 0.029773
1	 3865.354967	 -0.107276	 0.097989	 0.093447
1	 3865.364967	 -0.157958	 0.156117	 0.052888
1	 3865.374967	 -0.216691	 0.205357	 0.113720
1	 3865.384967	 -0.261773	 0.240169	 0.143873
1	 3865.384967	 -0.292329	 0.272927	 0.200452
1	 3865.394967	 -0.316460	 0.308006	 0.202965
1	 3865.404967	 -0.339358	 0.329832	 0.261909
1	 3865.414967	 -0.357164	 0.340458	 0.245158
1	 3865.424967	 0.000000	 0.000000	 0.000000
1	 3865.434967	 -0.010089	 0.021492	 0.036876
1	 3865.434967	 -0.005684	 0.025230	 0.076608
1	 3865.444967	 0.012059	 0.029519	 0.051023
1	 3865.454967	 0.023613	 0.026627	 0.081141
1	 3865.464967	 0.021878	 0.019575	 0.141075
1	 3865.474967	 0.016773	 0.003435	 0.182427
1	 3865.484967	 0.023292	 -0.009475	 0.156268
1	 3865.484967	 0.024871	 -0.035627	 0.199219
1	 3865.494967	 0.031428	 -0.067969	 0.273664
1	 3865.504967	 -0.000000	 -0.000000	 0.000000
1	 3865.514967	 0.019155	 -0.028870	 -0.016700
1	 3865.524967	 0.035947	 -0.055993	 -0.019368
1	 3865.534967	 0.037691	 -0.084349	 0.004702
1	 3865.534967	 0.019233	 -0.098749	 0.042397
1	 3865.544967	 -0.016446	 -0.106822	 0.055077
1	 3865.554967	 -0.055416	 -0.110266	 0.112991
1	 3865.564967	 -0.079271	 -0.130755	 0.200281
1	 3865.574967	 -0.074714	 -0.158067	 0.219241
1	 3865.584967	 -0.061414	 -0.201058	 0.292830
1	 3865.584967	 -0.000000	 0.000000	 -0.000000
1	 3865.594967	 0.005688	 -0.032118	 -0.065571
1	 3865.604967	 -0.005242	 -0.052585	 -0.046304
1	 3865.614967	 -0.021751	 -0.042124	 -0.117021
1	 3865.624967	 -0.053155	 -0.047823	 -0.080832
1	 3865.634967	 -0.080915	 -0.049575	 -0.174477
1	 3865.634967	 -0.119107	 -0.064589	 -0.162360
1	 3865.644967	 -0.155353	 -0.076851	 -0.256805
1	 3865.654967	 -0.183404	 -0.104457	 -0.259224
1	 3865.664967	 -0.202373	 -0.134298	 -0.295754
1	 3865.674967	 -0.000000	 0.000000	 -0.000000
1	 3865.684967	 -0.003247	 -0.037929	 -0.080053
1	 3865.684967	 -0.006867	 -0.070236	 -0.119955
1	 3865.694967	 -0.003747	 -0.098166	 -0.128489
1	 3865.704967	 -0.003485	 -0.116281	 -0.135081
1	 3865.714967	 -0.002558	 -0.122230	 -0.203329
1	 3865.724967	 -0.003473	 -0.130839	 -0.206573
1	 3865.734967	 -0.000324	 -0.135192	 -0.218763
1	 3865.734967	 -0.004194	 -0.142126	 -0.231407
1	 3865.744967	 -0.016358	 -0.131686	 -0.292801
1	 3865.754967	 -0.000000	 -0.000000	 -0.000000
1	 3865.764967	 -0.012593	 -0.001357	 -0.069476
1	 3865.774967	 -0.007931	 -0.018094	 -0.097271
1	 3865.784967	 0.024386	 -0.027718	 -0.228448
1	 3865.784967	 0.063997	 -0.044933	 -0.258700
1	 3865.794967	 0.102686	 -0.059128	 -0.256513
1	 3865.804967	 0.125596	 -0.063343	 -0.260567
1	 3865.814967	 0.128819	 -0.057936	 -0.232744
1	 3865.824967	 0.128796	 -0.051545	 -0.210468
1	 3865.834967	 0.141261	 -0.044863	 -0.254074
1	 3865.834967	 0.000000	 -0.000000	 -0.000000
1	 3865.844967	 0.027125	 -0.005713	 -0.035322
1	 3865.854967	 0.045829	 -0.016618	 -0.028287
1	 3865.864967	 0.054495	 -0.031366	 0.032824
1	 3865.874967	 0.052240	 -0.036325	 0.056095
1	 3865.884967	 0.045526	 -0.038920	 0.052035
1	 3865.884967	 0.054951	 -0.047794	 0.085926
1	 3865.894967	 0.081412	 -0.048011	 0.073502
1	 3865.904967	 0.115163	 -0.037907	 0.182352
1	 3865.914967	 0.132587	 -0.024935	 0.262026
1	 3865.924967	 0.000000	 0.000000	 -0.000000
1	 3865.934967	 0.050826	 0.020775	 -0.051249
1	 3865.934967	 0.101443	 0.040692	 -0.067932
1	 3865.944967	 0.132536	 0.039021	 -0.063778
1	 3865.954967	 0.160305	 0.031600	 -0.111390
1	 3865.964967	 0.176720	 0.042231	 -0.197053
1	 3865.974967	 0.176008	 0.038201	 -0.199292
1	 3865.983967	 0.174657	 0.022549	 -0.162346
1	 3865.993967	 0.172950	 0.012476	 -0.141280
1	 3865.993967	 0.182548	 0.011313	 -0.131123
1	 3866.003967	 0.000000	 -0.000000	 0.000000
1	 3866.013967	 0.003931	 -0.009343	 -0.008342
1	 3866.023967	 0.003555	 -0.009634	 -0.026160
1	 3866.033967	 -0.007588	 0.009540	 -0.131316
1	 3866.043967	 0.019080	 -0.020771	 -0.199974
1	 3866.043967	 0.081170	 -0.072653	 -0.296427
1	 3866.053967	 0.148640	 -0.114476	 -0.364289
1	 3866.063967	 0.201230	 -0.143521	 -0.430612
1	 3866.073967	 0.206667	 -0.168825	 -0.491899
1	 3866.083967	 0.198526	 -0.191891	 -0.562590
1	 3866.093967	 0.000000	 -0.000000	 0.000000
1	 3866.093967	 0.008474	 -0.023608	 -0.054144
1	 3866.103967	 0.019956	 -0.053556	 -0.115148
1	 3866.113967	 0.025422	 -0.087675	 -0.150292
1	 3866.123967	 0.028730	 -0.123202	 -0.214028
1	 3866.133967	 0.020407	 -0.154601	 -0.258723
1	 3866.143967	 0.019650	 -0.186864	 -0.340484
1	 3866.143967	 0.027126	 -0.221981	 -0.466749
1	 3866.153967	 0.033436	 -0.264217	 -0.582939
1	 3866.163967	 0.035203	 -0.303364	 -0.656200
1	 3866.173967	 0.000000	 0.000000	 0.000000
1	 3866.183967	 -0.014259	 -0.018889	 -0.137169
1	 3866.193967	 -0.037538	 -0.024052	 -0.242338
1	 3866.193967	 -0.069116	 -0.011723	 -0.359962
1	 3866.203967	 -0.113772	 -0.001210	 -0.442926
1	 3866.213967	 -0.172872	 0.002139	 -0.547525
1	 3866.223967	 -0.241229	 -0.000284	 -0.685789
1	 3866.233967	 -0.307341	 -0.015878	 -0.803936
1	 3866.243967	 -0.371419	 -0.035605	 -0.976908
1	 3866.243967	 -0.433309	 -0.060085	 -1.178802
1	 3866.253967	 0.000000	 0.000000	 0.000000
1	 3866.263967	 -0.055628	 -0.024227	 -0.226135
1	 3866.273967	 -0.125732	 -0.050960	 -0.421204
1	 3866.283967	 -0.197902	 -0.072242	 -0.671185
1	 3866.293967	 -0.271721	 -0.102030	 -0.917945
1	 3866.293967	 -0.349081	 -0.145643	 -1.183464
1	 3866.303967	 -0.417785	 -0.204714	 -1.476076
1	 3866.313967	 -0.468464	 -0.281217	 -1.802777
1	 3866.323967	 -0.487877	 -0.378289	 -2.120886
1	 3866.333967	 -0.466786	 -0.484095	 -2.453339
1	 3866.343967	 -0.405494	 -0.585518	 -2.723681
1	 3866.343967	 -0.362337	 -0.646061	 -2.913223
1	 3866.353967	 -0.364368	 -0.667354	 -3.156980
1	 3866.363967	 -0.368729	 -0.686422	 -3.429389
1	 3866.373967	 -0.371303	 -0.718600	 -3.694872
1	 3866.383967	 -0.366088	 -0.751009	 -3.986366
1	 3866.393967	 -0.360390	 -0.793774	 -4.276632
1	 3866.393967	 -0.334065	 -0.842269	 -4.611069
1	 3866.403967	 -0.313305	 -0.893638	 -4.912345
1	 3866.413967	 -0.309142	 -0.930675	 -5.246229
1	 3866.423967	 -0.332136	 -0.958604	 -5.569173
1	 3866.433967	 -0.350177	 -0.972518	 -5.929989
1	 3866.443967	 -0.384667	 -0.969781	 -6.261734
1	 3866.443967	 -0.422979	 -0.967088	 -6.626567
1	 3866.453967	 -0.478229	 -0.965022	 -7.048532
1	 3866.463967	 -0.546287	 -0.965996	 -7.560324
1	 3866.473967	 -0.628234	 -0.975494	 -8.027292
1	 3866.483967	 -0.714182	 -0.978702	 -8.556784
1	 3866.493967	 -0.818515	 -1.008590	 -9.063348
1	 3866.493967	 -0.920113	 -1.053321	 -9.731922
1	 3866.503967	 -1.020870	 -1.119384	 -10.357591
1	 3866.513967	 -1.108999	 -1.174466	 -11.059685
1	 3866.523967	 -1.191893	 -1.234089	 -11.665007
1	 3866.533967	 -1.266577	 -1.272402	 -12.217418
1	 3866.543967	 -1.360129	 -1.283219	 -12.705311
1	 3866.543967	 -1.443117	 -1.271432	 -13.267066
1	 3866.553967	 -1.543973	 -1.260807	 -13.873284
1	 3866.563967	 -1.652795	 -1.241626	 -14.648194
1	 3866.573967	 -1.768478	 -1.252222	 -15.597887
1	 3866.583967	 -1.879160	 -1.282234	 -16.771648
1	 3866.593967	 -1.962299	 -1.334556	 -17.842614
1	 3866.593967	 -2.028600	 -1.378398	 -18.884558
1	 3866.603967	 -2.116077	 -1.430035	 -19.799930
1	 3866.613967	 -2.243269	 -1.479957	 -20.736326
1	 3866.623967	 -2.416243	 -1.534289	 -21.796288
1	 3866.633967	 -2.577082	 -1.598437	 -23.060832
1	 3866.643967	 -2.729896	 -1.688017	 -24.359605
1	 3866.643967	 -2.838185	 -1.798886	 -25.623554
1	 3866.653967	 -2.927223	 -1.921212	 -26.783542
1	 3866.663967	 -3.016215	 -2.021659	 -27.845167
1	 3866.673967	 -3.126611	 -2.109762	 -28.772258
1	 3866.683967	 -3.226840	 -2.196175	 -29.718523
1	 3866.693967	 -3.284555	 -2.303992	 -30.790920
1	 3866.693967	 -3.259662	 -2.434145	 -32.129835
1	 3866.703967	 -3.155413	 -2.599883	 -33.502465
1	 3866.713967	 -2.972380	 -2.786096	 -35.034971
1	 3866.723967	 -2.946617	 -2.917163	 -36.547508
1	 3866.733967	 -3.057503	 -2.966110	 -38.162209
1	 3866.743967	 -2.860747	 -3.183429	 -39.610119
1	 3866.743967	 -2.618022	 -3.437607	 -41.044429
1	 3866.753967	 -2.437706	 -3.675813	 -42.440689
1	 3866.763967	 -2.297399	 -3.851540	 -43.877102
1	 3866.773967	 -2.162771	 -4.012842	 -45.434514
1	 3866.783967	 -1.978475	 -4.159926	 -47.119062
1	 3866.793967	 -1.739837	 -4.299211	 -48.793084
1	 3866.793967	 -1.465519	 -4.430857	 -50.259604
1	 3866.803967	 -1.227091	 -4.549711	 -51.418835
1	 3866.813967	 -1.034338	 -4.630587	 -52.450239
1	 3866.823967	 -0.927242	 -4.706034	 -53.454447
1	 3866.833967	 -0.881529	 -4.760735	 -54.567248
1	 3866.843967	 -0.873482	 -4.813824	 -55.689885
1	 3866.843967	 -0.896257	 -4.852908	 -56.890413
1	 3866.853967	 -0.937705	 -4.912298	 -58.025056
1	 3866.863967	 -1.084226	 -4.927329	 -59.321123
1	 3866.873967	 -1.373315	 -4.895120	 -60.694530
1	 3866.883967	 -1.712381	 -4.821592	 -62.203386
1	 3866.893967	 -1.987363	 -4.764193	 -63.605884
1	 3866.893967	 -2.211607	 -4.719175	 -64.918513
1	 3866.903967	 -2.254459	 -4.718369	 -66.082090
1	 3866.913967	 -2.022096	 -4.644334	 -67.217390
1	 3866.923967	 -1.509346	 -4.452483	 -68.402438
1	 3866.933967	 -0.915850	 -4.220667	 -69.728079
1	 3866.943967	 -0.422292	 -4.155075	 -71.092315
1	 3866.943967	 -0.218385	 -4.320779	 -72.230834
1	 3866.953967	 0.006004	 -4.587533	 -73.138416
1	 3866.963967	 0.368516	 -4.848280	 -74.072217
1	 3866.973967	 0.693012	 -5.067180	 -75.147903
1	 3866.983967	 0.968598	 -5.219619	 -76.266541
1	 3866.993967	 1.184898	 -5.353531	 -77.316265
1	 3866.993967	 1.264796	 -5.466242	 -78.326529
1	 3867.003967	 1.130821	 -5.616478	 -79.263824
1	 3867.013967	 0.818557	 -5.752678	 -80.335836
1	 3867.023967	 0.481092	 -5.851152	 -81.377339
1	 3867.033967	 0.097543	 -5.858651	 -82.574777
1	 3867.043967	 -0.206806	 -5.811536	 -83.843720
1	 3867.043967	 -0.451111	 -5.735471	 -85.138056
1	 3867.053967	 -0.721990	 -5.657422	 -86.217076
1	 3867.063967	 -0.990725	 -5.558566	 -87.142271
1	 3867.073967	 -1.143435	 -5.445434	 -88.004795
1	 3867.083967	 -1.264643	 -5.278299	 -88.888606
1	 3867.093967	 -1.357333	 -5.091800	 -89.776914
1	 3867.093967	 -1.464756	 -4.889305	 -90.730682
1	 3867.103967	 -1.520850	 -4.667698	 -91.714305
1	 3867.113967	 -1.582684	 -4.424156	 -92.777471
1	 3867.123967	 -1.527666	 -4.170092	 -93.843985
1	 3867.133967	 -1.415155	 -3.911538	 -94.893862
1	 3867.143967	 -1.258592	 -3.695691	 -95.861281
1	 3867.143967	 -1.142710	 -3.524998	 -96.659576
1	 3867.153967	 -1.004415	 -3.380339	 -97.380384
1	 3867.163967	 -0.974322	 -3.260462	 -98.058746
1	 3867.173967	 -0.998608	 -3.139729	 -98.837108
1	 3867.183967	 -1.079915	 -3.001268	 -99.674267
1	 3867.193967	 -1.136385	 -2.851277	 -100.536653
1	 3867.193967	 -1.220293	 -2.711794	 -101.302657
1	 3867.203967	 -1.254027	 -2.586759	 -101.921310
1	 3867.213967	 -1.267654	 -2.476488	 -102.365463
1	 3867.223967	 -1.307924	 -2.404016	 -102.867979
1	 3867.233967	 -1.442569	 -2.362552	 -103.347184
1	 3867.233967	 -1.605495	 -2.348748	 -103.932060
1	 3867.243967	 -1.837986	 -2.348836	 -104.510312
1	 3867.253967	 -2.075291	 -2.328324	 -105.062371
1	 3867.263967	 -2.327574	 -2.280119	 -105.508895
1	 3867.273967	 -2.501586	 -2.208127	 -106.012973
1	 3867.283967	 -2.558248	 -2.112253	 -106.452151
1	 3867.283967	 -2.505566	 -1.964854	 -106.944938
1	 3867.293967	 -2.424148	 -1.792088	 -107.409183
1	 3867.303967	 -2.265117	 -1.614766	 -107.877583
1	 3867.313967	 -2.063424	 -1.442124	 -108.238888
1	 3867.323967	 -1.804773	 -1.288918	 -108.619604
1	 3867.333967	 -1.530962	 -1.127211	 -108.923360
1	 3867.333967	 -1.252177	 -0.952450	 -109.249362
1	 3867.343967	 -1.001969	 -0.764971	 -109.520549
1	 3867.353967	 -0.770312	 -0.586949	 -109.759544
1	 3867.363967	 -0.553275	 -0.420296	 -109.880534
1	 3867.373967	 -0.385851	 -0.298480	 -109.990685
1	 3867.383967	 -0.288792	 -0.205841	 -110.001487
1	 3867.383967	 -0.218122	 -0.155000	 -110.073151
1	 3867.393967	 -0.135225	 -0.112183	 -110.114849
1	 3867.403967	 -0.035813	 -0.077971	 -110.136654
1	 3867.413967	 0.097707	 -0.035375	 -110.036015
1	 3867.423967	 0.263228	 0.016117	 -109.937367
1	 3867.434600	 0.418449	 0.086292	 -109.796175
1	 3867.434600	 0.555906	 0.152138	 -109.695766
1	 3867.443967	 0.698728	 0.204218	 -109.610934
1	 3867.453967	 0.835638	 0.244957	 -109.540251
1	 3867.463967	 0.987358	 0.296909	 -109.408145
1	 3867.473967	 1.125664	 0.336544	 -109.350008
1	 3867.483967	 1.188246	 0.370686	 -109.303450
1	 3867.493967	 1.222839	 0.409501	 -109.330511
1	 3867.493967	 1.241813	 0.458565	 -109.328587
1	 3867.503967	 1.231401	 0.483324	 -109.353491
1	 3867.513967	 1.182883	 0.496679	 -109.309069
1	 3867.523967	 1.186765	 0.509384	 -109.287913
1	 3867.533967	 1.158365	 0.495775	 -109.249563
1	 3867.543967	 1.122792	 0.479299	 -109.209954
1	 3867.543967	 1.083522	 0.473319	 -109.150946
1	 3867.553967	 1.053408	 0.479507	 -109.136641
1	 3867.563967	 0.999484	 0.500525	 -109.074716
1	 3867.573967	 0.968759	 0.521318	 -109.048016
1	 3867.583967	 0.967418	 0.550406	 -109.016911
1	 3867.593967	 0.923718	 0.561425	 -108.988792
1	 3867.593967	 0.868975	 0.588324	 -108.934969
1	 3867.603967	 0.800665	 0.602584	 -108.923968
1	 3867.613967	 0.747383	 0.614121	 -108.891565
1	 3867.623967	 0.713798	 0.627604	 -108.846832
1	 3867.633967	 0.677543	 0.648451	 -108.764478
1	 3867.643967	 0.636635	 0.668425	 -108.723510
1	 3867.643967	 0.600995	 0.683250	 -108.675991
1	 3867.653967	 0.555336	 0.678361	 -108.633577
1	 3867.663967	 0.494462	 0.647470	 -108.626587
1	 3867.673967	 0.416450	 0.596633	 -108.628128
1	 3867.683967	 0.320297	 0.542305	 -108.608847
1	 3867.693967	 0.234564	 0.491971	 -108.581529
1	 3867.693967	 0.136225	 0.449245	 -108.530142
1	 3867.703967	 0.031577	 0.407377	 -108.496638
1	 3867.713967	 -0.067884	 0.376570	 -108.418972
1	 3867.723967	 -0.138344	 0.356008	 -108.332098
1	 3867.733967	 -0.164839	 0.348258	 -108.247042
1	 3867.743967	 -0.163971	 0.349202	 -108.145393
1	 3867.743967	 -0.127857	 0.371235	 -108.063865
1	 3867.753967	 -0.078224	 0.407442	 -107.962996
1	 3867.763967	 -0.005915	 0.455706	 -107.842613
1	 3867.773967	 0.071554	 0.498729	 -107.744953
1	 3867.783967	 0.118329	 0.525978	 -107.604779
1	 3867.793967	 0.160541	 0.531842	 -107.494765
1	 3867.793967	 0.194954	 0.504212	 -107.381399
1	 3867.803967	 0.230185	 0.458285	 -107.302394
1	 3867.813967	 0.258765	 0.400493	 -107.263026
1	 3867.823967	 0.267320	 0.333421	 -107.220737
1	 3867.833967	 0.275585	 0.273159	 -107.165111
1	 3867.843967	 0.283710	 0.213796	 -107.113242
1	 3867.843967	 0.302850	 0.169920	 -107.027743
1	 3867.853967	 0.341721	 0.136636	 -106.930420
1	 3867.863967	 0.373863	 0.100225	 -106.828814
1	 3867.873967	 0.392411	 0.064264	 -106.740296
1	 3867.883967	 0.402828	 0.029510	 -106.646306
1	 3867.893967	 0.420294	 0.001118	 -106.570508
1	 3867.893967	 0.448079	 -0.025129	 -106.492263
1	 3867.903967	 0.487099	 -0.051838	 -106.417453
1	 3867.913967	 0.532881	 -0.080706	 -106.329661
1	 3867.923967	 0.563085	 -0.110500	 -106.282654
1	 3867.933967	 0.554335	 -0.146966	 -106.227596
1	 3867.943967	 0.547245	 -0.187866	 -106.186779
1	 3867.943967	 0.580887	 -0.218454	 -106.123794
1	 3867.953967	 0.678336	 -0.230598	 -105.988763
1	 3867.963967	 0.749037	 -0.236929	 -105.817738
1	 3867.973967	 0.794048	 -0.233982	 -105.663550
1	 3867.983967	 0.838229	 -0.225200	 -105.527711
1	 3867.993967	 0.869457	 -0.230592	 -105.390797
1	 3867.993967	 0.931524	 -0.233776	 -105.276157
1	 3868.004600	 1.017209	 -0.222936	 -105.173469
1	 3868.013967	 1.098622	 -0.197344	 -105.086130
1	 3868.023967	 1.180006	 -0.169489	 -104.996761
1	 3868.033967	 1.269081	 -0.129720	 -104.872952
1	 3868.043967	 1.364820	 -0.104830	 -104.736473
1	 3868.043967	 1.462420	 -0.086258	 -104.610687
1	 3868.053967	 1.544572	 -0.076011	 -104.498034
1	 3868.063967	 1.596768	 -0.079168	 -104.385124
1	 3868.073967	 1.632184	 -0.076425	 -104.262189
1	 3868.083967	 1.639359	 -0.077301	 -104.129341
1	 3868.093967	 1.664978	 -0.072900	 -104.032592
1	 3868.093967	 1.687800	 -0.070669	 -103.928073
1	 3868.103967	 1.724187	 -0.067151	 -103.861719
1	 3868.113967	 1.758479	 -0.051263	 -103.806966
1	 3868.123967	 1.771727	 -0.039096	 -103.728867
1	 3868.133967	 1.770667	 -0.026000	 -103.636261
1	 3868.143967	 1.746390	 -0.028880	 -103.520049
1	 3868.143967	 1.695475	 -0.038971	 -103.375235
1	 3868.153967	 1.641133	 -0.052873	 -103.256241
1	 3868.163967	 1.605518	 -0.067762	 -103.162041
1	 3868.173967	 1.571759	 -0.082054	 -103.064275
1	 3868.183967	 1.539343	 -0.100007	 -102.975857
1	 3868.193967	 1.511417	 -0.117656	 -102.889112
1	 3868.193967	 1.515632	 -0.121602	 -102.834251
1	 3868.203967	 1.510367	 -0.136448	 -102.761107
1	 3868.213967	 1.499811	 -0.151055	 -102.703832
1	 3868.223967	 1.472762	 -0.169117	 -102.613401
1	 3868.233967	 1.440691	 -0.184915	 -102.520027
1	 3868.243967	 1.395351	 -0.204195	 -102.392663
1	 3868.243967	 1.366795	 -0.212971	 -102.253654
1	 3868.253967	 1.336735	 -0.218108	 -102.102513
1	 3868.263967	 1.307356	 -0.224039	 -101.975476
1	 3868.273967	 1.278500	 -0.234931	 -101.843278
1	 3868.283967	 1.255479	 -0.247571	 -101.699397
1	 3868.293967	 1.243081	 -0.256675	 -101.601683
1	 3868.293967	 1.243431	 -0.260769	 -101.494946
1	 3868.303967	 1.246591	 -0.259269	 -101.384900
1	 3868.314600	 1.246148	 -0.256037	 -101.264939
1	 3868.323967	 1.255084	 -0.239551	 -101.135894
1	 3868.333967	 1.249090	 -0.231698	 -101.007867
1	 3868.343967	 1.230599	 -0.233916	 -100.890326
1	 3868.343967	 1.207409	 -0.248137	 -100.801444
1	 3868.353967	 1.178356	 -0.275643	 -100.710057
1	 3868.363967	 1.176364	 -0.302446	 -100.649468
1	 3868.373967	 1.173973	 -0.328112	 -100.577785
1	 3868.383967	 1.181857	 -0.364677	 -100.499290
1	 3868.393967	 1.204159	 -0.404578	 -100.371348
1	 3868.393967	 1.250413	 -0.443990	 -100.219842
1	 3868.403967	 1.289379	 -0.474512	 -100.061696
1	 3868.413967	 1.310538	 -0.492401	 -99.923030
1	 3868.423967	 1.305698	 -0.509399	 -99.806866
1	 3868.433967	 1.298255	 -0.521753	 -99.701415
1	 3868.443967	 1.309736	 -0.518512	 -99.574627
1	 3868.443967	 1.339731	 -0.499326	 -99.451882
1	 3868.453967	 1.347106	 -0.487793	 -99.294750
1	 3868.463967	 1.342613	 -0.484681	 -99.146113
1	 3868.473967	 1.327486	 -0.488988	 -98.984023
1	 3868.483967	 1.332623	 -0.501168	 -98.823787
1	 3868.493967	 1.330846	 -0.505874	 -98.646937
1	 3868.493967	 1.347881	 -0.479998	 -98.462278
1	 3868.503967	 1.491277	 -0.381756	 -98.193726
1	 3868.513967	 1.814554	 -0.221602	 -97.784187
1	 3868.523967	 2.188966	 -0.038094	 -97.283691
1	 3868.533967	 2.438472	 0.115908	 -96.725466
1	 3868.543967	 2.243681	 0.124305	 -96.173659
1	 3868.543967	 1.597175	 -0.050460	 -95.765345
1	 3868.553967	 1.713116	 -0.198595	 -95.407611
1	 3868.563967	 1.659841	 -0.372383	 -94.895887
1	 3868.573967	 1.479040	 -0.602851	 -94.294447
1	 3868.583967	 1.432990	 -0.843360	 -93.684876
1	 3868.583967	 1.368048	 -1.065046	 -93.110862
1	 3868.593967	 1.310161	 -1.263003	 -92.550398
1	 3868.603967	 1.385623	 -1.461843	 -91.949416
1	 3868.613967	 1.437268	 -1.693212	 -91.293073
1	 3868.623967	 1.412077	 -1.980034	 -90.494602
1	 3868.633967	 1.331816	 -2.326248	 -89.571924
1	 3868.643967	 1.203997	 -2.719457	 -88.541787
1	 3868.643967	 1.103792	 -3.106477	 -87.426114
1	 3868.653967	 0.947386	 -3.484483	 -86.279488
1	 3868.663967	 0.722992	 -3.873878	 -85.095234
1	 3868.673967	 0.565048	 -4.270917	 -83.914215
1	 3868.683967	 0.401510	 -4.684177	 -82.704105
1	 3868.683967	 0.258946	 -5.088805	 -81.439321
1	 3868.693967	 0.005402	 -5.473822	 -80.109968
1	 3868.703967	 -0.380597	 -5.854792	 -78.703618
1	 3868.713967	 -0.825687	 -6.226204	 -77.206180
1	 3868.723967	 -1.350133	 -6.563523	 -75.560313
1	 3868.733967	 -1.836950	 -6.856203	 -73.852986
1	 3868.733967	 -2.265077	 -7.114259	 -72.152101
1	 3868.743967	 -2.705228	 -7.344943	 -70.442892
1	 3868.753967	 -3.197989	 -7.536029	 -68.757994
1	 3868.763967	 -3.734437	 -7.678454	 -67.046301
1	 3868.773967	 -4.255187	 -7.783380	 -65.367498
1	 3868.783967	 -4.615120	 -7.849508	 -63.643412
1	 3868.783967	 -4.925041	 -7.894704	 -61.868858
1	 3868.793967	 -5.122227	 -7.940730	 -60.026479
1	 3868.803967	 -5.186136	 -7.989935	 -58.121938
1	 3868.813967	 -5.180221	 -8.071394	 -56.083338
1	 3868.824600	 -5.165008	 -8.154699	 -53.889039
1	 3868.833967	 -5.176004	 -8.190589	 -51.527300
1	 3868.833967	 -5.135441	 -8.142079	 -49.132441
1	 3868.843967	 -5.030923	 -8.020336	 -46.854043
1	 3868.853967	 -4.821609	 -7.874091	 -44.859000
1	 3868.863967	 -4.507273	 -7.756137	 -42.991615
1	 3868.873967	 -4.204747	 -7.676620	 -41.062631
1	 3868.883967	 -3.973879	 -7.624823	 -38.996609
1	 3868.893967	 -3.907520	 -7.559533	 -36.771294
1	 3868.893967	 -4.123196	 -7.441857	 -34.299258
1	 3868.903967	 -4.559174	 -7.219663	 -31.707558
1	 3868.913967	 -5.055705	 -6.877289	 -29.058630
1	 3868.923967	 -5.501360	 -6.500705	 -26.525926
1	 3868.933967	 -5.867941	 -6.137280	 -24.179054
1	 3868.943967	 -6.167580	 -5.782113	 -22.100780
1	 3868.943967	 -6.440637	 -5.431654	 -20.151528
1	 3868.953967	 -6.710682	 -5.134364	 -18.327374
1	 3868.963967	 -6.928635	 -4.906276	 -16.525110
1	 3868.973967	 -7.095093	 -4.710478	 -14.713452
1	 3868.983967	 -7.160789	 -4.480699	 -12.925324
1	 3868.993967	 -7.034925	 -4.153710	 -11.086701
1	 3868.993967	 -6.810131	 -3.722202	 -9.172196
1	 3869.003967	 -6.544322	 -3.278341	 -7.242976
1	 3869.013967	 -6.254091	 -2.909322	 -5.345606
1	 3869.023967	 -5.948118	 -2.645851	 -3.601317
1	 3869.033967	 -5.660550	 -2.486359	 -2.055542
1	 3869.043967	 -5.393537	 -2.445878	 -0.768582
1	 3869.043967	 -5.127819	 -2.527966	 0.293180
1	 3869.053967	 -4.870726	 -2.698245	 1.228743
1	 3869.063967	 -4.635265	 -2.884081	 2.117700
1	 3869.073967	 -4.381170	 -3.010363	 3.059215
1	 3869.083967	 -4.134532	 -3.104164	 4.029041
1	 3869.093967	 -3.924954	 -3.191493	 5.048121
1	 3869.093967	 -3.740559	 -3.231385	 6.079064
1	 3869.103967	 -3.565952	 -3.195252	 7.157688
1	 3869.113967	 -3.431870	 -3.101735	 8.131281
1	 3869.123967	 -3.295209	 -3.047022	 8.981915
1	 3869.134600	 -3.150871	 -3.162525	 9.567562
1	 3869.143967	 -2.989341	 -3.380619	 10.034639
1	 3869.143967	 -2.883242	 -3.646699	 10.429355
1	 3869.153967	 -2.863615	 -3.860652	 10.947825
1	 3869.163967	 -2.934410	 -3.998098	 11.595212
1	 3869.173967	 -3.015904	 -4.003484	 12.473755
1	 3869.183967	 -3.073952	 -3.893150	 13.474362
1	 3869.193967	 -3.081009	 -3.702877	 14.548921
1	 3869.193967	 -3.104206	 -3.522174	 15.484820
1	 3869.203967	 -3.113611	 -3.323029	 16.337294
1	 3869.213967	 -3.121755	 -3.096048	 17.096265
1	 3869.223967	 -3.116265	 -2.879853	 17.899317
1	 3869.233967	 -3.077383	 -2.704472	 18.791811
1	 3869.243967	 -2.971241	 -2.573101	 19.816313
1	 3869.243967	 -2.836978	 -2.518692	 20.876255
1	 3869.254600	 -2.693157	 -2.571318	 21.981912
1	 3869.263967	 -2.572085	 -2.713173	 23.091599
1	 3869.273967	 -2.409436	 -2.834039	 24.251120
1	 3869.283967	 -2.175506	 -2.890773	 25.424512
1	 3869.293967	 -1.843242	 -2.899026	 26.575167
1	 3869.293967	 -1.495275	 -2.936617	 27.614014
1	 3869.303967	 -1.178998	 -2.989230	 28.689516
1	 3869.313967	 -0.937181	 -3.033320	 29.808325
1	 3869.324600	 -0.689962	 -3.078277	 31.016895
1	 3869.333967	 -0.476975	 -3.070872	 32.257307
1	 3869.343967	 -0.522065	 -2.918836	 33.543973
1	 3869.343967	 -0.684976	 -2.708470	 34.844815
1	 3869.354600	 -0.960503	 -2.435969	 36.215823
1	 3869.363967	 -1.348155	 -2.118747	 37.665446
1	 3869.373967	 -1.775681	 -1.808444	 39.238160
1	 3869.383967	 -2.245656	 -1.592468	 40.706717
1	 3869.393967	 -2.591603	 -1.519319	 42.023377
1	 3869.393967	 -2.899329	 -1.551876	 43.172109
1	 3869.403967	 -3.143803	 -1.581587	 44.310698
1	 3869.414600	 -3.399884	 -1.467214	 45.428078
1	 3869.423967	 -3.635198	 -1.300510	 46.564426
1	 3869.434600	 -3.923152	 -1.071849	 47.731668
1	 3869.443967	 -4.172602	 -0.756861	 49.043060
1	 3869.453967	 -4.530354	 0.248092	 51.937638
1	 3869.463967	 -4.570501	 0.723473	 53.433214
1	 3869.473967	 -4.564361	 1.140550	 54.796165
1	 3869.484600	 -4.482129	 1.455665	 56.164951
1	 3869.493967	 -4.433492	 1.739811	 57.497049
1	 3869.493967	 -4.399621	 2.025790	 58.965298
1	 3869.503967	 -4.478746	 2.347308	 60.420584
1	 3869.513967	 -4.458582	 2.634930	 61.883054
1	 3869.523967	 -4.398875	 2.906390	 63.246580
1	 3869.533967	 -4.265186	 3.163169	 64.669386
1	 3869.543967	 -4.100768	 3.559124	 66.008290
1	 3869.543967	 -3.875487	 3.998424	 67.362269
1	 3869.553967	 -3.637707	 4.486587	 68.668445
1	 3869.563967	 -3.310212	 4.917474	 70.021067
1	 3869.573967	 -3.005645	 5.327369	 71.315882
1	 3869.583967	 -2.692372	 5.642317	 72.617374
1	 3869.593967	 -2.460782	 5.914843	 73.765711
1	 3869.593967	 -2.174186	 6.109128	 74.968215
1	 3869.604600	 -1.906848	 6.362243	 76.131457
1	 3869.613967	 -1.630971	 6.551719	 77.298416
1	 3869.623967	 -1.396743	 6.752002	 78.408216
1	 3869.634600	 -1.093626	 6.844082	 79.508282
1	 3869.643967	 -0.806883	 6.918622	 80.489035
1	 3869.643967	 -0.453824	 6.929528	 81.527726
1	 3869.653967	 -0.126541	 6.946479	 82.516319
1	 3869.663967	 0.268398	 6.832821	 83.370919
1	 3869.673967	 0.528407	 6.874257	 84.278124
1	 3869.683967	 0.799433	 6.967373	 85.306474
1	 3869.693967	 1.041952	 7.110978	 86.350830
1	 3869.693967	 1.318120	 7.138205	 87.413188
1	 3869.704600	 1.542109	 7.074342	 88.290275
1	 3869.714600	 1.812529	 6.883651	 89.094369
1	 3869.724600	 1.975737	 6.812970	 90.043290
1	 3869.733967	 2.006013	 6.786602	 91.221969
1	 3869.744600	 2.086019	 6.630621	 92.115670
1	 3869.744600	 2.452672	 6.284813	 92.754944
1	 3869.753967	 2.901702	 5.932174	 93.301363
1	 3869.764600	 3.350266	 5.631242	 93.846326
1	 3869.773967	 3.711477	 5.338622	 94.372893
1	 3869.783967	 4.051735	 4.951401	 94.829310
1	 3869.793967	 4.416169	 4.474777	 95.180579
1	 3869.793967	 4.788618	 4.044185	 95.562263
1	 3869.804600	 5.123009	 3.757072	 96.083665
1	 3869.814600	 5.441214	 3.566504	 96.692434
1	 3869.824600	 5.776650	 3.373083	 97.254671
1	 3869.834600	 6.114126	 3.122356	 97.727375
1	 3869.843967	 6.415555	 2.827122	 98.141133
1	 3869.843967	 6.699536	 2.543888	 98.564839
1	 3869.854600	 7.013230	 2.257991	 99.039349
1	 3869.864600	 7.304991	 1.929652	 99.467156
1	 3869.874600	 7.492034	 1.527727	 99.740902
1	 3869.883967	 7.647557	 0.991770	 99.834256
1	 3869.893967	 7.825981	 0.362932	 99.828451
1	 3869.893967	 7.986661	 -0.283432	 99.788720
1	 3869.904600	 8.071601	 -0.881309	 99.764656
1	 3869.913967	 8.103099	 -1.399869	 99.829454
1	 3869.924600	 8.126245	 -1.861550	 99.948782
1	 3869.934600	 8.170639	 -2.280779	 100.055774
1	 3869.943967	 8.252287	 -2.612674	 100.184240
1	 3869.943967	 8.374641	 -2.875619	 100.323699
1	 3869.954600	 8.548272	 -3.108244	 100.473871
1	 3869.964600	 8.712334	 -3.347551	 100.584118
1	 3869.974600	 8.843978	 -3.582173	 100.618131
1	 3869.984600	 8.985926	 -3.817933	 100.570552
1	 3869.993967	 9.129296	 -4.056562	 100.473540
1	 3869.993967	 9.293680	 -4.247077	 100.433916
1	 3870.004600	 9.445119	 -4.401426	 100.472928
1	 3870.014600	 9.598000	 -4.531371	 100.539906
1	 3870.023967	 9.780990	 -4.643576	 100.591384
1	 3870.034600	 9.934961	 -4.727542	 100.676359
1	 3870.043967	 10.017009	 -4.794941	 100.776438
1	 3870.043967	 10.078255	 -4.848812	 100.874303
1	 3870.054600	 10.143755	 -4.898112	 100.970981
1	 3870.064600	 10.202448	 -4.948752	 101.033829
1	 3870.074600	 10.286205	 -5.022180	 101.053771
1	 3870.084600	 10.386114	 -5.117887	 101.020913
1	 3870.094600	 10.449020	 -5.213250	 100.932201
1	 3870.094600	 10.479986	 -5.279600	 100.860003
1	 3870.104600	 10.468159	 -5.323586	 100.843983
1	 3870.114600	 10.449163	 -5.362258	 100.841759
1	 3870.124600	 10.425864	 -5.404278	 100.827423
1	 3870.134600	 10.406543	 -5.424319	 100.822998
1	 3870.143967	 10.413324	 -5.430344	 100.813542
1	 3870.143967	 10.431002	 -5.405469	 100.824319
1	 3870.154600	 10.434967	 -5.354991	 100.847697
1	 3870.164600	 10.432438	 -5.280310	 100.877592
1	 3870.174600	 10.390299	 -5.178454	 100.950118
1	 3870.184600	 10.340886	 -5.044994	 101.086008
1	 3870.193967	 10.295288	 -4.909141	 101.223713
1	 3870.193967	 10.285510	 -4.792063	 101.335174
1	 3870.204600	 10.278160	 -4.699329	 101.421365
1	 3870.214600	 10.264685	 -4.614701	 101.490721
1	 3870.224600	 10.233768	 -4.568971	 101.476312
1	 3870.234600	 10.184471	 -4.592736	 101.360040
1	 3870.234600	 10.118016	 -4.674187	 101.197628
1	 3870.244600	 10.030828	 -4.772187	 101.023308
1	 3870.253967	 9.900855	 -4.856011	 100.852468
1	 3870.264600	 9.760845	 -4.908447	 100.707551
1	 3870.274600	 9.646737	 -4.935292	 100.586462
1	 3870.283967	 9.559077	 -4.933957	 100.502865
1	 3870.283967	 9.463921	 -4.910932	 100.459028
1	 3870.294600	 9.362593	 -4.864689	 100.436917
1	 3870.304600	 9.280502	 -4.816384	 100.414632
1	 3870.314600	 9.223438	 -4.773031	 100.373299
1	 3870.324600	 9.169703	 -4.759691	 100.262924
1	 3870.334600	 9.102478	 -4.772728	 100.101193
1	 3870.343967	 9.016175	 -4.805829	 99.921021
1	 3870.343967	 8.924854	 -4.850719	 99.721308
1	 3870.354600	 8.816458	 -4.898361	 99.506442
1	 3870.364600	 8.695085	 -4.913724	 99.321637
1	 3870.374600	 8.549050	 -4.892483	 99.181867
1	 3870.384600	 8.371960	 -4.839452	 99.045673
1	 3870.384600	 8.201163	 -4.771643	 98.900210
1	 3870.394600	 8.042798	 -4.696531	 98.757631
1	 3870.403967	 7.907564	 -4.639662	 98.603259
1	 3870.414600	 7.759078	 -4.591287	 98.442361
1	 3870.424600	 7.582580	 -4.535102	 98.281499
1	 3870.434600	 7.416349	 -4.481994	 98.106096
1	 3870.434600	 7.295973	 -4.431019	 97.890753
1	 3870.443967	 7.206998	 -4.393881	 97.634132
1	 3870.454600	 7.095310	 -4.378331	 97.337325
1	 3870.464600	 6.985599	 -4.368301	 97.028225
1	 3870.474600	 6.878376	 -4.379549	 96.688202
1	 3870.484600	 6.758969	 -4.407364	 96.313466
1	 3870.484600	 6.645341	 -4.459446	 95.884755
1	 3870.493967	 6.514601	 -4.535819	 95.402586
1	 3870.503967	 6.333226	 -4.619557	 94.904310
1	 3870.513967	 6.123459	 -4.710930	 94.400109
1	 3870.524600	 5.924751	 -4.839933	 93.821088
1	 3870.534600	 5.714718	 -5.023111	 93.123135
1	 3870.534600	 5.462315	 -5.277245	 92.301924
1	 3870.544600	 5.179811	 -5.573496	 91.376797
1	 3870.553967	 4.894917	 -5.880072	 90.363196
1	 3870.564600	 4.603326	 -6.127224	 89.333323
1	 3870.574600	 4.295755	 -6.274074	 88.328859
1	 3870.584600	 3.969807	 -6.286524	 87.370037
1	 3870.584600	 3.598637	 -6.144532	 86.491578
1	 3870.594600	 3.219922	 -5.842230	 85.764091
1	 3870.604600	 2.887706	 -5.504966	 85.196134
1	 3870.614600	 2.615974	 -5.231320	 84.622325
1	 3870.624600	 2.341179	 -5.002319	 83.917407
1	 3870.633967	 2.031613	 -4.778250	 83.136564
1	 3870.633967	 1.720305	 -4.580810	 82.287361
1	 3870.644600	 1.484620	 -4.461280	 81.224482
1	 3870.653967	 1.235825	 -4.442243	 79.967825
1	 3870.664600	 0.997382	 -4.558507	 78.628452
1	 3870.674600	 0.848471	 -4.792290	 77.250084
1	 3870.684600	 0.706261	 -5.032811	 75.813575
1	 3870.684600	 0.482943	 -5.209710	 74.226638
1	 3870.694600	 0.172735	 -5.288163	 72.478108
1	 3870.704600	 -0.170227	 -5.296464	 70.630185
1	 3870.714600	 -0.555051	 -5.192434	 68.795745
1	 3870.724600	 -0.917952	 -5.008899	 67.130618
1	 3870.734600	 -1.216609	 -4.865612	 65.600494
1	 3870.734600	 -1.448418	 -4.857795	 64.086252
1	 3870.744600	 -1.668087	 -4.938882	 62.544032
1	 3870.754600	 -1.887761	 -5.053446	 60.875720
1	 3870.764600	 -2.123143	 -5.123534	 59.067208
1	 3870.774600	 -2.354515	 -5.121655	 57.116853
1	 3870.784600	 -2.493249	 -5.083379	 55.062953
1	 3870.784600	 -2.462104	 -5.069382	 52.953522
1	 3870.794600	 -2.276870	 -5.067578	 50.877841
1	 3870.804600	 -2.071115	 -5.037614	 48.911608
1	 3870.814600	 -1.959712	 -4.950542	 47.068991
1	 3870.824600	 -1.892923	 -4.870190	 45.267514
1	 3870.834600	 -1.800905	 -4.775772	 43.556347
1	 3870.834600	 -1.563230	 -4.667136	 41.887828
1	 3870.844600	 -0.995853	 -4.498327	 40.246034
1	 3870.854600	 -0.224241	 -4.288853	 38.650662
1	 3870.864600	 0.475511	 -4.057868	 37.100928
1	 3870.874600	 0.934659	 -3.873157	 35.448738
1	 3870.884600	 1.092787	 -3.806318	 33.580226
1	 3870.894600	 0.899767	 -3.888801	 31.425384
1	 3870.894600	 0.405058	 -4.101281	 29.132023
1	 3870.904600	 -0.520136	 -4.401379	 27.197768
1	 3870.914600	 -1.977410	 -4.501931	 25.828477
1	 3870.924600	 -2.936478	 -4.253061	 24.821856
1	 3870.934600	 -3.230207	 -3.872676	 23.913768
1	 3870.944600	 -3.197048	 -3.554567	 22.912954
1	 3870.944600	 -3.026419	 -3.305902	 21.810078
1	 3870.954600	 -2.924003	 -3.113387	 20.698860
1	 3870.964600	 -2.961750	 -2.960799	 19.643943
1	 3870.974600	 -3.090390	 -2.859169	 18.595292
1	 3870.984600	 -3.433252	 -2.846580	 17.513518
1	 3870.994600	 -4.189476	 -3.042543	 16.353052
1	 3870.994600	 -5.266155	 -3.440381	 15.097700
1	 3871.004600	 -6.169160	 -3.881456	 13.825969
1	 3871.014600	 -6.708973	 -4.246063	 12.598345
1	 3871.024600	 -6.825194	 -4.532018	 11.432199
1	 3871.034600	 -6.755100	 -4.718523	 10.350947
1	 3871.044600	 -6.599556	 -4.816665	 9.376506
1	 3871.044600	 -6.543062	 -4.846581	 8.545846
1	 3871.054600	 -6.651504	 -4.831606	 7.842918
1	 3871.064600	 -6.882107	 -4.824455	 7.225376
1	 3871.074600	 -7.142643	 -4.881520	 6.590092
1	 3871.084600	 -7.444835	 -5.038646	 5.899968
1	 3871.094600	 -7.672912	 -5.224917	 5.212057
1	 3871.094600	 -7.754226	 -5.364901	 4.616982
1	 3871.104600	 -7.725713	 -5.451102	 4.156391
1	 3871.114600	 -7.709481	 -5.480472	 3.825863
1	 3871.124600	 -7.774993	 -5.455285	 3.592274
1	 3871.134600	 -7.929305	 -5.402295	 3.376391
1	 3871.144600	 -8.109795	 -5.370813	 3.105619
1	 3871.144600	 -8.252114	 -5.377851	 2.773028
1	 3871.154600	 -8.334214	 -5.420602	 2.387593
1	 3871.164600	 -8.371041	 -5.480876	 2.008213
1	 3871.174600	 -8.245376	 -5.483152	 1.661047
1	 3871.184600	 -8.078567	 -5.436006	 1.381082
1	 3871.194600	 -7.883134	 -5.366472	 1.146683
1	 3871.194600	 -7.747116	 -5.307840	 0.948702
1	 3871.204600	 -7.648935	 -5.273954	 0.748982
1	 3871.214600	 -7.622696	 -5.257084	 0.539048
1	 3871.224600	 -7.684230	 -5.252542	 0.311660
1	 3871.234600	 -7.805634	 -5.289013	 0.053618
1	 3871.244600	 -7.914703	 -5.373336	 -0.241037
1	 3871.244600	 -8.013152	 -5.491767	 -0.532309
1	 3871.254600	 -8.032282	 -5.622497	 -0.838205
1	 3871.264600	 -7.967704	 -5.734660	 -1.129496
1	 3871.274600	 -7.959605	 -5.844232	 -1.407033
1	 3871.284600	 -7.979756	 -5.921761	 -1.651046
1	 3871.294600	 -8.015035	 -5.953703	 -1.846917
1	 3871.294600	 -8.049339	 -5.977608	 -2.029215
1	 3871.304600	 -8.043144	 -6.021967	 -2.274706
1	 3871.314600	 -7.993168	 -6.091909	 -2.611106
1	 3871.324600	 -7.868615	 -6.207501	 -3.085964
1	 3871.334600	 -7.716501	 -6.361220	 -3.639080
1	 3871.344600	 -7.570221	 -6.498784	 -4.155493
1	 3871.344600	 -7.457545	 -6.573361	 -4.544159
1	 3871.354600	 -7.368604	 -6.568907	 -4.789090
1	 3871.364600	 -7.311023	 -6.502277	 -4.932897
1	 3871.374600	 -7.349408	 -6.394533	 -5.039444
1	 3871.384600	 -7.350276	 -6.249831	 -5.128000
1	 3871.394600	 -7.344023	 -6.112805	 -5.245692
1	 3871.394600	 -7.323064	 -6.013354	 -5.417009
1	 3871.404600	 -7.240191	 -5.975794	 -5.633469
1	 3871.414600	 -7.192758	 -5.990817	 -5.839411
1	 3871.424600	 -7.169165	 -6.022635	 -6.003245
1	 3871.434600	 -7.198459	 -6.028084	 -6.089822
1	 3871.444600	 -7.293158	 -6.012314	 -6.091423
1	 3871.444600	 -7.371111	 -5.979332	 -6.033214
1	 3871.454600	 -7.336548	 -5.950147	 -5.974025
1	 3871.464600	 -7.338474	 -5.961369	 -5.948743
1	 3871.474600	 -7.410522	 -5.997199	 -5.954056
1	 3871.484600	 -7.477548	 -6.048845	 -5.979479
1	 3871.494600	 -7.426724	 -6.175705	 -6.207810
1	 3871.494600	 -7.205554	 -6.315683	 -6.450978
1	 3871.504600	 -7.000609	 -6.404201	 -6.518183
1	 3871.514600	 -6.893251	 -6.477064	 -6.473858
1	 3871.524600	 -6.726883	 -6.504905	 -6.392841
1	 3871.534600	 -6.579727	 -6.494165	 -6.287996
1	 3871.544600	 -6.595608	 -6.457895	 -6.213564
1	 3871.544600	 -6.586818	 -6.292032	 -6.177682
1	 3871.554600	 -6.495776	 -6.057454	 -6.150680
1	 3871.564600	 -6.393093	 -5.831226	 -6.142038
1	 3871.574600	 -6.272193	 -5.633446	 -6.136281
1	 3871.584600	 -6.214667	 -5.481282	 -6.122931
1	 3871.594600	 -6.204742	 -5.372021	 -6.122691
1	 3871.594600	 -6.239819	 -5.291000	 -6.133318
1	 3871.604600	 -6.258644	 -5.220463	 -6.148113
1	 3871.614600	 -6.257634	 -5.153162	 -6.170126
1	 3871.624600	 -6.246916	 -5.096048	 -6.203659
1	 3871.634600	 -6.250388	 -5.045312	 -6.234258
1	 3871.634600	 -6.266426	 -5.004144	 -6.268729
1	 3871.644600	 -6.247939	 -4.965423	 -6.309320
1	 3871.654600	 -6.211279	 -4.942258	 -6.340207
1	 3871.664600	 -6.168058	 -4.923167	 -6.345644
1	 3871.674600	 -6.137923	 -4.881276	 -6.310866
1	 3871.684600	 -6.148332	 -4.791274	 -6.272872
1	 3871.694600	 -6.163573	 -4.654455	 -6.233760
1	 3871.694600	 -6.182660	 -4.468030	 -6.197949
1	 3871.704600	 -6.184219	 -4.278051	 -6.169180
1	 3871.714600	 -6.160186	 -4.115695	 -6.153930
1	 3871.724600	 -6.119559	 -3.968661	 -6.152857
1	 3871.734600	 -6.060500	 -3.802421	 -6.154115
1	 3871.744600	 -5.989002	 -3.643711	 -6.170696
1	 3871.744600	 -5.945211	 -3.507095	 -6.186709
1	 3871.754600	 -5.893352	 -3.385985	 -6.182201
1	 3871.764600	 -5.797049	 -3.261253	 -6.158353
1	 3871.774600	 -5.708951	 -3.123229	 -6.127554
1	 3871.784600	 -5.641341	 -2.948202	 -6.088849
1	 3871.794600	 -5.595941	 -2.744123	 -6.048755
1	 3871.794600	 -5.576808	 -2.525201	 -5.985342
1	 3871.804600	 -5.557832	 -2.325967	 -5.910375
1	 3871.814600	 -5.538218	 -2.170306	 -5.841179
1	 3871.824600	 -5.520390	 -2.045182	 -5.784487
1	 3871.834600	 -5.503747	 -1.919815	 -5.734896
1	 3871.844600	 -5.460166	 -1.788694	 -5.699224
1	 3871.844600	 -5.445413	 -1.644740	 -5.661246
1	 3871.854600	 -5.410999	 -1.488902	 -5.621680
1	 3871.864600	 -5.366328	 -1.296403	 -5.565816
1	 3871.874600	 -5.337178	 -1.065810	 -5.503948
1	 3871.884600	 -5.323941	 -0.800111	 -5.436539
1	 3871.894600	 -5.297545	 -0.507662	 -5.362058
1	 3871.894600	 -5.262259	 -0.188840	 -5.290735
1	 3871.904600	 -5.236625	 0.146400	 -5.222201
1	 3871.914600	 -5.239433	 0.487231	 -5.155361
1	 3871.924600	 -5.252688	 0.823024	 -5.059813
1	 3871.934600	 -5.243612	 1.194280	 -4.953245
1	 3871.944600	 -5.210044	 1.625519	 -4.840046
1	 3871.944600	 -5.165889	 2.123099	 -4.728343
1	 3871.954600	 -5.104242	 2.668263	 -4.619172
1	 3871.964600	 -5.025444	 3.261613	 -4.511507
1	 3871.974600	 -4.971535	 3.900976	 -4.397215
1	 3871.984600	 -4.956208	 4.626934	 -4.258277
1	 3871.994600	 -4.994667	 5.437538	 -4.101070
1	 3871.994600	 -5.078286	 6.292925	 -3.935266
1	 3872.004600	 -5.171462	 7.170921	 -3.774904
1	 3872.014600	 -5.284819	 8.083696	 -3.610275
1	 3872.024600	 -5.406920	 9.057289	 -3.458700
1	 3872.034600	 -5.509311	 10.074010	 -3.311613
1	 3872.034600	 -5.591507	 11.112535	 -3.166451
1	 3872.044600	 -5.682469	 12.178868	 -3.018152
1	 3872.054600	 -5.793722	 13.266258	 -2.890644
1	 3872.064600	 -5.915310	 14.416025	 -2.784357
1	 3872.074600	 -6.050139	 15.573759	 -2.691358
1	 3872.084600	 -6.201132	 16.676418	 -2.623164
1	 3872.094600	 -6.353888	 17.726853	 -2.581153
1	 3872.094600	 -6.520305	 18.784340	 -2.535746
1	 3872.104600	 -6.708473	 19.852334	 -2.485458
1	 3872.114600	 -6.914342	 20.940229	 -2.419275
1	 3872.124600	 -7.117378	 22.035394	 -2.358858
1	 3872.134600	 -7.321368	 23.103923	 -2.280499
1	 3872.134600	 -7.516104	 24.144901	 -2.198739
1	 3872.144600	 -7.679940	 25.145159	 -2.115667
1	 3872.154600	 -7.759745	 26.137634	 -2.022583
1	 3872.164600	 -7.790765	 27.150145	 -1.926875
1	 3872.174600	 -7.893427	 28.080302	 -1.866080
1	 3872.184600	 -8.026281	 28.962468	 -1.832379
1	 3872.184600	 -8.111605	 29.798445	 -1.811789
1	 3872.194600	 -8.156481	 30.569293	 -1.781074
1	 3872.204600	 -8.153626	 31.294211	 -1.763606
1	 3872.214600	 -8.087562	 32.055722	 -1.720936
1	 3872.224600	 -7.998909	 32.910027	 -1.657448
1	 3872.234600	 -7.940685	 33.800667	 -1.580799
1	 3872.234600	 -7.905718	 34.658869	 -1.510156
1	 3872.244600	 -7.881560	 35.439801	 -1.440616
1	 3872.254600	 -7.870876	 36.185251	 -1.369587
1	 3872.264600	 -7.848814	 36.903357	 -1.321526
1	 3872.274600	 -7.767134	 37.592266	 -1.292959
1	 3872.284600	 -7.654165	 38.293933	 -1.255207
1	 3872.284600	 -7.559601	 38.975997	 -1.238322
1	 3872.294600	 -7.492623	 39.576046	 -1.232873
1	 3872.304600	 -7.428902	 40.087435	 -1.246617
1	 3872.314600	 -7.330143	 40.589514	 -1.252086
1	 3872.324600	 -7.173792	 41.130519	 -1.263377
1	 3872.334600	 -6.992123	 41.703422	 -1.270963
1	 3872.334600	 -6.792693	 42.257017	 -1.281342
1	 3872.344600	 -6.589605	 42.792506	 -1.287095
1	 3872.354600	 -6.383145	 43.320598	 -1.287841
1	 3872.364600	 -6.197245	 43.857844	 -1.262003
1	 3872.374600	 -6.040525	 44.411399	 -1.220406
1	 3872.384600	 -5.958861	 44.966138	 -1.167237
1	 3872.384600	 -5.931124	 45.447044	 -1.130211
1	 3872.394600	 -5.911639	 45.854837	 -1.116280
1	 3872.404600	 -5.861021	 46.213364	 -1.120089
1	 3872.414600	 -5.766067	 46.552178	 -1.137000
1	 3872.424600	 -5.641853	 46.875097	 -1.156939
1	 3872.434600	 -5.557839	 47.211415	 -1.175161
1	 3872.434600	 -5.543382	 47.566012	 -1.207850
1	 3872.444600	 -5.581043	 47.945631	 -1.228066
1	 3872.454600	 -5.646760	 48.333182	 -1.260560
1	 3872.464600	 -5.717115	 48.734643	 -1.278488
1	 3872.474600	 -5.732056	 49.190559	 -1.279027
1	 3872.484600	 -5.721079	 49.598306	 -1.278749
1	 3872.484600	 -5.647321	 49.872667	 -1.300572
1	 3872.494600	 -5.457330	 50.069688	 -1.323272
1	 3872.504600	 -5.177242	 50.215442	 -1.343709
1	 3872.514600	 -4.881632	 50.361768	 -1.357123
1	 3872.524600	 -4.624025	 50.519217	 -1.344909
1	 3872.534600	 -4.450380	 50.718680	 -1.326133
1	 3872.534600	 -4.336923	 50.893016	 -1.309539
1	 3872.544600	 -4.265962	 51.036154	 -1.290390
1	 3872.554600	 -4.242529	 51.152730	 -1.261373
1	 3872.564600	 -4.280552	 51.228842	 -1.238337
1	 3872.574600	 -4.346276	 51.250493	 -1.210567
1	 3872.584600	 -4.346182	 51.291982	 -1.168549
1	 3872.584600	 -4.262790	 51.359822	 -1.119298
1	 3872.594600	 -4.163415	 51.435926	 -1.068774
1	 3872.604600	 -4.022049	 51.523594	 -1.026786
1	 3872.614600	 -3.883236	 51.642866	 -0.984498
1	 3872.624600	 -3.771148	 51.760630	 -0.944049
1	 3872.634600	 -3.707889	 51.856283	 -0.916720
1	 3872.634600	 -3.694528	 51.879573	 -0.931710
1	 3872.644600	 -3.661701	 51.851056	 -0.945601
1	 3872.654600	 -3.547504	 51.842111	 -0.948865
1	 3872.664600	 -3.397295	 51.900065	 -0.917302
1	 3872.674600	 -3.241248	 51.983114	 -0.873005
1	 3872.684600	 -3.103783	 52.072583	 -0.815781
1	 3872.684600	 -2.982255	 52.133172	 -0.758133
1	 3872.694600	 -2.892131	 52.170212	 -0.711672
1	 3872.704600	 -2.843562	 52.167559	 -0.675148
1	 3872.714600	 -2.843765	 52.170543	 -0.641227
1	 3872.724600	 -2.863744	 52.179879	 -0.613252
1	 3872.734600	 -2.838335	 52.232318	 -0.585139
1	 3872.734600	 -2.773341	 52.295095	 -0.571798
1	 3872.744600	 -2.710419	 52.336204	 -0.552248
1	 3872.754600	 -2.636977	 52.354398	 -0.530593
1	 3872.764600	 -2.538349	 52.377279	 -0.509939
1	 3872.774600	 -2.451300	 52.378340	 -0.491136
1	 3872.784600	 -2.416613	 52.355938	 -0.481141
1	 3872.784600	 -2.444809	 52.275168	 -0.503716
1	 3872.794600	 -2.531453	 52.127929	 -0.532442
1	 3872.804600	 -2.649425	 51.952053	 -0.564701
1	 3872.814600	 -2.789271	 51.793025	 -0.596742
1	 3872.824600	 -2.933662	 51.648746	 -0.608000
1	 3872.834600	 -3.062734	 51.524108	 -0.635959
1	 3872.834600	 -3.185958	 51.374361	 -0.687496
1	 3872.844600	 -3.300940	 51.222141	 -0.736174
1	 3872.854600	 -3.424429	 51.033850	 -0.808823
1	 3872.864600	 -3.576798	 50.787886	 -0.893842
1	 3872.874600	 -3.751494	 50.486954	 -1.000552
1	 3872.884600	 -3.945753	 50.148826	 -1.127822
1	 3872.884600	 -4.184855	 49.719380	 -1.280959
1	 3872.894600	 -4.456641	 49.206135	 -1.458192
1	 3872.904600	 -4.728212	 48.590058	 -1.647779
1	 3872.914600	 -5.025251	 47.883096	 -1.876655
1	 3872.924600	 -5.380721	 47.040728	 -2.104327
1	 3872.934600	 -5.833484	 46.094715	 -2.353431
1	 3872.934600	 -6.364315	 45.037486	 -2.585803
1	 3872.944600	 -6.935415	 43.924185	 -2.827052
1	 3872.954600	 -7.401213	 42.852177	 -3.078296
1	 3872.964600	 -7.710584	 41.926526	 -3.332419
1	 3872.974600	 -7.887891	 41.115426	 -3.559048
1	 3872.984600	 -8.012272	 40.408007	 -3.797845
1	 3872.984600	 -8.149118	 39.706364	 -4.013612
1	 3872.994600	 -8.296995	 39.018421	 -4.220015
1	 3873.004600	 -8.435307	 38.328280	 -4.388729
1	 3873.014600	 -8.542729	 37.641302	 -4.549215
1	 3873.024600	 -8.615064	 36.933344	 -4.683173
1	 3873.034600	 -8.615920	 36.212278	 -4.793224
1	 3873.034600	 -8.605247	 35.439382	 -4.875911
1	 3873.044600	 -8.623875	 34.689034	 -4.936636
1	 3873.054600	 -8.740734	 33.935007	 -4.994807
1	 3873.064600	 -8.936531	 33.196392	 -5.044570
1	 3873.074600	 -9.148376	 32.484498	 -5.098758
1	 3873.084600	 -9.327368	 31.862010	 -5.171377
1	 3873.094600	 -9.492379	 31.289278	 -5.235607
1	 3873.094600	 -9.646707	 30.756471	 -5.328876
1	 3873.104600	 -9.751441	 30.186268	 -5.414741
1	 3873.114600	 -9.797252	 29.588969	 -5.502442
1	 3873.124600	 -9.753126	 28.996349	 -5.558718
1	 3873.134600	 -9.645105	 28.386951	 -5.589150
1	 3873.144600	 -9.480422	 27.721668	 -5.608190
1	 3873.144600	 -9.362078	 27.025649	 -5.627966
1	 3873.154600	 -9.333450	 26.309752	 -5.627456
1	 3873.164600	 -9.383570	 25.584776	 -5.616657
1	 3873.174600	 -9.468671	 24.797426	 -5.624444
1	 3873.184600	 -9.537117	 23.933081	 -5.620513
1	 3873.194600	 -9.538740	 22.994542	 -5.601037
1	 3873.194600	 -9.477271	 22.060530	 -5.626080
1	 3873.204600	 -9.354079	 21.115101	 -5.646025
1	 3873.214600	 -9.194445	 20.184811	 -5.682696
1	 3873.224600	 -9.000718	 19.293288	 -5.725534
1	 3873.234600	 -8.831904	 18.455250	 -5.766216
1	 3873.244600	 -8.717052	 17.671304	 -5.817532
1	 3873.244600	 -8.640950	 16.945318	 -5.842593
1	 3873.254600	 -8.588032	 16.246528	 -5.857605
1	 3873.264600	 -8.550646	 15.579710	 -5.880257
1	 3873.274600	 -8.503199	 14.920039	 -5.911693
1	 3873.284600	 -8.437967	 14.260179	 -5.928576
1	 3873.294600	 -8.342132	 13.607209	 -5.951411
1	 3873.294600	 -8.226165	 12.991069	 -5.948022
1	 3873.304600	 -8.124686	 12.424506	 -5.918223
1	 3873.314600	 -8.078408	 11.909716	 -5.910902
1	 3873.324600	 -8.061931	 11.405276	 -5.915503
1	 3873.334600	 -8.043577	 10.928483	 -5.913026
1	 3873.344600	 -8.050897	 10.501471	 -5.907129
1	 3873.344600	 -8.146873	 10.140658	 -5.883559
1	 3873.354600	 -8.306240	 9.842811	 -5.834731
1	 3873.364600	 -8.472194	 9.604131	 -5.793712
1	 3873.374600	 -8.576115	 9.402265	 -5.765543
1	 3873.384600	 -8.617573	 9.224602	 -5.744939
1	 3873.394600	 -8.599853	 9.062595	 -5.719723
1	 3873.394600	 -8.566853	 8.916158	 -5.714341
1	 3873.404600	 -8.548411	 8.783082	 -5.713855
1	 3873.414600	 -8.535986	 8.634918	 -5.718043
1	 3873.424600	 -8.512064	 8.460381	 -5.750558
1	 3873.434600	 -8.489147	 8.298203	 -5.755361
1	 3873.444600	 -8.471267	 8.183236	 -5.751291
1	 3873.444600	 -8.443841	 8.112063	 -5.753871
1	 3873.454600	 -8.379185	 8.059842	 -5.756473
1	 3873.464600	 -8.291747	 7.998118	 -5.764739
1	 3873.474600	 -8.196548	 7.940194	 -5.766564
1	 3873.484600	 -8.096433	 7.902100	 -5.771232
1	 3873.494600	 -8.001514	 7.890765	 -5.767159
1	 3873.494600	 -7.935459	 7.897400	 -5.769195
1	 3873.504600	 -7.874120	 7.907609	 -5.772622
1	 3873.514600	 -7.822947	 7.905540	 -5.774119
1	 3873.524600	 -7.779802	 7.876372	 -5.783252
1	 3873.534600	 -7.743027	 7.837619	 -5.795710
1	 3873.544600	 -7.695130	 7.791991	 -5.798941
1	 3873.544600	 -7.645526	 7.745362	 -5.814701
1	 3873.554600	 -7.576546	 7.684968	 -5.840007
1	 3873.564600	 -7.507721	 7.605102	 -5.857338
1	 3873.574600	 -7.434509	 7.514232	 -5.901870
1	 3873.584600	 -7.337454	 7.396850	 -5.934882
1	 3873.594600	 -7.213153	 7.265134	 -5.970814
1	 3873.594600	 -7.088772	 7.110387	 -6.020767
1	 3873.604600	 -6.952582	 6.938226	 -6.065381
1	 3873.614600	 -6.814383	 6.749580	 -6.111757
1	 3873.624600	 -6.657936	 6.540276	 -6.158188
1	 3873.634600	 -6.508641	 6.296774	 -6.202550
1	 3873.644600	 -6.360657	 6.025618	 -6.250387
1	 3873.644600	 -6.211641	 5.735090	 -6.292337
1	 3873.654600	 -6.056514	 5.447917	 -6.341396
1	 3873.664600	 -5.900900	 5.146409	 -6.391191
1	 3873.674600	 -5.732839	 4.816757	 -6.434815
1	 3873.684600	 -5.534361	 4.450025	 -6.482661
1	 3873.694600	 -5.297467	 4.049756	 -6.542096
1	 3873.694600	 -5.032041	 3.621019	 -6.605673
1	 3873.704600	 -4.729169	 3.158874	 -6.660660
1	 3873.714600	 -4.409861	 2.678637	 -6.732064
1	 3873.724600	 -4.084429	 2.186546	 -6.796637
1	 3873.734600	 -3.790025	 1.686688	 -6.847075
1	 3873.744600	 -3.538276	 1.205729	 -6.871183
1	 3873.744600	 -3.333353	 0.760484	 -6.895335
1	 3873.754600	 -3.151085	 0.373238	 -6.924463
1	 3873.764600	 -2.992755	 0.056061	 -6.941321
1	 3873.774600	 -2.858159	 -0.205149	 -6.956777
1	 3873.784600	 -2.763078	 -0.413615	 -6.965383
1	 3873.784600	 -2.683564	 -0.572958	 -6.981495
1	 3873.794600	 -2.620494	 -0.691400	 -6.990117
1	 3873.804600	 -2.576319	 -0.777361	 -7.011456
1	 3873.814600	 -2.566597	 -0.850958	 -7.010912
1	 3873.824600	 -2.566883	 -0.912811	 -7.008171
1	 3873.834600	 -2.574657	 -0.990913	 -7.006876
1	 3873.844600	 -2.584079	 -1.072954	 -7.007808
1	 3873.844600	 -2.591640	 -1.140020	 -6.998988
1	 3873.854600	 -2.596224	 -1.195315	 -6.990059
1	 3873.864600	 -2.615152	 -1.232030	 -6.975661
1	 3873.874600	 -2.634115	 -1.258668	 -6.950449
1	 3873.884600	 -2.669004	 -1.285671	 -6.939021
1	 3873.884600	 -2.706970	 -1.321533	 -6.925702
1	 3873.894600	 -2.738619	 -1.374336	 -6.924346
1	 3873.904600	 -2.742796	 -1.472793	 -6.940374
1	 3873.914600	 -2.735703	 -1.636310	 -6.948077
1	 3873.924600	 -2.743346	 -1.858122	 -6.956640
1	 3873.934600	 -2.729575	 -2.142674	 -6.962416
1	 3873.934600	 -2.679417	 -2.483641	 -6.968354
1	 3873.944600	 -2.615051	 -2.905889	 -6.971257
1	 3873.954600	 -2.522377	 -3.425599	 -6.973064
1	 3873.964600	 -2.386409	 -4.050073	 -6.986578
1	 3873.974600	 -2.221700	 -4.769329	 -6.990159
1	 3873.984600	 -2.044408	 -5.603399	 -7.021665
1	 3873.984600	 -1.850639	 -6.515673	 -7.069167
1	 3873.994600	 -1.655770	 -7.503094	 -7.119176
1	 3874.004600	 -1.428675	 -8.599242	 -7.175065
1	 3874.014600	 -1.233814	 -9.740116	 -7.230887
1	 3874.024600	 -1.077404	 -10.903905	 -7.278877
1	 3874.034600	 -0.979368	 -12.062145	 -7.290831
1	 3874.034600	 -0.935602	 -13.257871	 -7.264247
1	 3874.044600	 -0.911984	 -14.560471	 -7.254683
1	 3874.054600	 -0.872547	 -15.973728	 -7.261189
1	 3874.064600	 -0.886373	 -17.440129	 -7.254794
1	 3874.074600	 -0.933581	 -18.928604	 -7.245292
1	 3874.084600	 -1.073139	 -20.357275	 -7.235310
1	 3874.084600	 -1.296508	 -21.696882	 -7.208620
1	 3874.094600	 -1.523899	 -22.931316	 -7.169203
1	 3874.104600	 -1.689889	 -24.109185	 -7.150187
1	 3874.114600	 -1.846778	 -25.245784	 -7.145536
1	 3874.124600	 -1.978426	 -26.401366	 -7.150607
1	 3874.134600	 -2.161010	 -27.558356	 -7.106828
1	 3874.134600	 -2.429475	 -28.703788	 -7.003060
1	 3874.144600	 -2.817783	 -29.847249	 -6.871079
1	 3874.154600	 -3.275999	 -31.066517	 -6.737156
1	 3874.164600	 -3.797871	 -32.284457	 -6.603958
1	 3874.174600	 -4.336156	 -33.433977	 -6.474704
1	 3874.184600	 -4.780408	 -34.460992	 -6.378552
1	 3874.184600	 -5.103199	 -35.427763	 -6.345218
1	 3874.194600	 -5.241189	 -36.399274	 -6.387031
1	 3874.204600	 -5.275482	 -37.381776	 -6.498522
1	 3874.214600	 -5.263880	 -38.297133	 -6.575633
1	 3874.224600	 -5.233108	 -39.075447	 -6.635619
1	 3874.234600	 -5.131587	 -39.749384	 -6.686062
1	 3874.234600	 -4.914291	 -40.461694	 -6.802951
1	 3874.244600	 -4.662672	 -41.229591	 -6.968989
1	 3874.254600	 -4.372881	 -42.038319	 -7.193172
1	 3874.264600	 -4.124784	 -42.807487	 -7.410581
1	 3874.274600	 -3.934956	 -43.523056	 -7.598576
1	 3874.284600	 -3.845337	 -44.278689	 -7.741482
1	 3874.284600	 -3.859429	 -45.057684	 -7.824216
1	 3874.294600	 -3.971054	 -45.813768	 -7.838141
1	 3874.304600	 -4.035138	 -46.557129	 -7.842722
1	 3874.314600	 -4.056000	 -47.246632	 -7.847082
1	 3874.324600	 -3.986851	 -47.902701	 -7.890641
1	 3874.334600	 -3.841874	 -48.558114	 -7.976639
1	 3874.334600	 -3.696754	 -49.247014	 -8.099960
1	 3874.344600	 -3.606972	 -49.956145	 -8.217748
1	 3874.354600	 -3.526844	 -50.659759	 -8.342481
1	 3874.364600	 -3.517113	 -51.276388	 -8.398810
1	 3874.374600	 -3.505768	 -51.785687	 -8.428747
1	 3874.384600	 -3.447628	 -52.202930	 -8.459711
1	 3874.384600	 -3.279459	 -52.596928	 -8.572012
1	 3874.394600	 -3.056437	 -53.014720	 -8.735640
1	 3874.404967	 -2.834403	 -53.448304	 -8.927952
1	 3874.414600	 -2.697770	 -53.833979	 -9.072078
1	 3874.424600	 -2.637168	 -54.141212	 -9.131914
1	 3874.434967	 -2.616488	 -54.417108	 -9.122393
1	 3874.434967	 -2.509841	 -54.722949	 -9.169324
1	 3874.444600	 -2.397474	 -55.060648	 -9.232232
1	 3874.454600	 -2.292758	 -55.379867	 -9.296628
1	 3874.464600	 -2.177556	 -55.701261	 -9.366514
1	 3874.474600	 -2.033956	 -56.045008	 -9.495009
1	 3874.484600	 -1.892463	 -56.362526	 -9.638610
1	 3874.484600	 -1.734261	 -56.607723	 -9.817952
1	 3874.494600	 -1.607863	 -56.758765	 -9.946233
1	 3874.504600	 -1.461366	 -56.838566	 -10.069144
1	 3874.514600	 -1.376987	 -56.901085	 -10.123833
1	 3874.524600	 -1.296541	 -56.962382	 -10.158367
1	 3874.534600	 -1.232436	 -57.079029	 -10.163843
1	 3874.534600	 -1.211976	 -57.206042	 -10.152647
1	 3874.544600	 -1.217297	 -57.315468	 -10.114562
1	 3874.554600	 -1.181558	 -57.439585	 -10.116961
1	 3874.564600	 -1.152732	 -57.616635	 -10.148696
1	 3874.574600	 -1.124043	 -57.800248	 -10.202467
1	 3874.584600	 -1.098635	 -57.963750	 -10.247062
1	 3874.584600	 -1.070820	 -58.071262	 -10.280356
1	 3874.594600	 -1.101116	 -58.129912	 -10.264671
1	 3874.604600	 -1.118410	 -58.163075	 -10.263392
1	 3874.614600	 -1.155385	 -58.181571	 -10.251379
1	 3874.624600	 -1.199143	 -58.165934	 -10.231639
1	 3874.634600	 -1.263368	 -58.106323	 -10.176142
1	 3874.634600	 -1.334640	 -58.037531	 -10.112070
1	 3874.644600	 -1.440615	 -57.952524	 -10.025492
1	 3874.654600	 -1.551608	 -57.840567	 -9.944600
1	 3874.664600	 -1.707956	 -57.691072	 -9.831282
1	 3874.674600	 -1.871271	 -57.513934	 -9.727616
1	 3874.684600	 -2.046897	 -57.378392	 -9.622668
1	 3874.684600	 -2.177688	 -57.297345	 -9.552809
1	 3874.694600	 -2.365697	 -57.224443	 -9.434818
1	 3874.704600	 -2.574359	 -57.072659	 -9.280249
1	 3874.714600	 -2.831167	 -56.842749	 -9.047265
1	 3874.724600	 -3.108154	 -56.532310	 -8.789994
1	 3874.734600	 -3.439587	 -56.142875	 -8.494183
1	 3874.734600	 -3.748815	 -55.667626	 -8.222441
1	 3874.744600	 -3.942646	 -55.209218	 -8.024180
1	 3874.754600	 -4.098243	 -54.778454	 -7.903181
1	 3874.764600	 -4.294996	 -54.319243	 -7.783172
1	 3874.774600	 -4.531362	 -53.767927	 -7.665733
1	 3874.784600	 -4.813784	 -53.114022	 -7.529548
1	 3874.784600	 -5.142728	 -52.339639	 -7.389980
1	 3874.794600	 -5.432008	 -51.498445	 -7.227308
1	 3874.804600	 -5.595435	 -50.631658	 -7.097642
1	 3874.814600	 -5.603165	 -49.806992	 -7.009280
1	 3874.824600	 -5.457126	 -49.052451	 -7.007704
1	 3874.834600	 -5.302294	 -48.386978	 -7.005501
1	 3874.834600	 -5.128911	 -47.732960	 -7.020074
1	 3874.844600	 -5.014101	 -47.081360	 -6.991023
1	 3874.854600	 -4.992089	 -46.403178	 -6.935925
1	 3874.864600	 -5.148643	 -45.668693	 -6.794053
1	 3874.874600	 -5.400425	 -44.847664	 -6.614558
1	 3874.884600	 -5.653289	 -44.030002	 -6.392932
1	 3874.884600	 -5.864005	 -43.231246	 -6.195917
1	 3874.894600	 -6.085453	 -42.462469	 -5.997209
1	 3874.904600	 -6.280672	 -41.652676	 -5.825821
1	 3874.914600	 -6.455556	 -40.822596	 -5.645276
1	 3874.924600	 -6.588066	 -39.926439	 -5.475618
1	 3874.934600	 -6.750228	 -38.950126	 -5.267048
1	 3874.934600	 -6.996940	 -37.852351	 -5.038954
1	 3874.944600	 -7.369017	 -36.696031	 -4.743818
1	 3874.954600	 -7.805590	 -35.480332	 -4.453406
1	 3874.964600	 -8.257928	 -34.236493	 -4.146355
1	 3874.974600	 -8.557216	 -33.019450	 -3.916911
1	 3874.984600	 -8.660839	 -31.919306	 -3.779730
1	 3874.984600	 -8.658732	 -30.807990	 -3.723683
1	 3874.994600	 -8.624303	 -29.623097	 -3.683438
1	 3875.004600	 -8.493810	 -28.388054	 -3.705455
1	 3875.014967	 -8.376721	 -27.193472	 -3.702315
1	 3875.024600	 -8.280205	 -25.919704	 -3.681739
1	 3875.034600	 -8.213300	 -24.503117	 -3.594703
1	 3875.034600	 -8.032337	 -23.085327	 -3.483212
1	 3875.044600	 -7.673504	 -21.798226	 -3.392175
1	 3875.054600	 -7.269949	 -20.567633	 -3.350361
1	 3875.064600	 -6.882628	 -19.356225	 -3.307932
1	 3875.074600	 -6.504593	 -18.116941	 -3.285265
1	 3875.084600	 -6.219850	 -16.898462	 -3.233683
1	 3875.084600	 -6.063087	 -15.683339	 -3.185870
1	 3875.094600	 -6.019786	 -14.474767	 -3.126993
1	 3875.104600	 -5.998391	 -13.206471	 -3.098639
1	 3875.114600	 -5.916045	 -11.883096	 -3.076034
1	 3875.124600	 -5.740362	 -10.626854	 -3.064310
1	 3875.134600	 -5.396642	 -9.551621	 -3.039315
1	 3875.134600	 -4.893297	 -8.608693	 -3.019567
1	 3875.144600	 -4.415684	 -7.793073	 -2.984642
1	 3875.154600	 -3.998796	 -7.122510	 -2.940902
1	 3875.164600	 -3.658632	 -6.567469	 -2.897544
1	 3875.174600	 -3.363448	 -6.065644	 -2.861702
1	 3875.184600	 -3.133268	 -5.563495	 -2.833372
1	 3875.184600	 -2.937435	 -5.052788	 -2.808119
1	 3875.194600	 -2.767484	 -4.556193	 -2.771415
1	 3875.204600	 -2.623171	 -4.117788	 -2.730082
1	 3875.214600	 -2.470207	 -3.762298	 -2.694103
1	 3875.224600	 -2.291015	 -3.477344	 -2.671180
1	 3875.234600	 -2.046809	 -3.246379	 -2.660673
1	 3875.234600	 -1.852009	 -3.050231	 -2.672847
1	 3875.244600	 -1.687029	 -2.912893	 -2.687507
1	 3875.254600	 -1.569683	 -2.833288	 -2.700522
1	 3875.264600	 -1.500075	 -2.783603	 -2.698116
1	 3875.274600	 -1.453643	 -2.740539	 -2.689328
1	 3875.284600	 -1.408652	 -2.706235	 -2.664935
1	 3875.294600	 -1.341692	 -2.708010	 -2.635369
1	 3875.294600	 -1.251543	 -2.735816	 -2.604264
1	 3875.304600	 -1.155970	 -2.775763	 -2.567933
1	 3875.314967	 -1.085068	 -2.806075	 -2.528627
1	 3875.324600	 -1.000035	 -2.863186	 -2.491504
1	 3875.334600	 -0.926024	 -2.974912	 -2.472982
1	 3875.344600	 -0.839281	 -3.128164	 -2.465028
1	 3875.344600	 -0.760759	 -3.264748	 -2.471717
1	 3875.354600	 -0.696475	 -3.354119	 -2.483577
1	 3875.364600	 -0.638172	 -3.408405	 -2.485776
1	 3875.374600	 -0.578251	 -3.436720	 -2.498996
1	 3875.384600	 -0.509310	 -3.464712	 -2.506401
1	 3875.394600	 -0.452432	 -3.495693	 -2.510809
1	 3875.394600	 -0.416500	 -3.520534	 -2.505732
1	 3875.404967	 -0.394007	 -3.549727	 -2.507073
1	 3875.414600	 -0.362808	 -3.606410	 -2.496941
1	 3875.424600	 -0.324784	 -3.678719	 -2.497726
1	 3875.434967	 -0.288381	 -3.755471	 -2.493075
1	 3875.444600	 -0.235114	 -3.824143	 -2.489996
1	 3875.444600	 -0.164416	 -3.869983	 -2.507087
1	 3875.454600	 -0.078490	 -3.895587	 -2.534328
1	 3875.464600	 0.000282	 -3.910710	 -2.565673
1	 3875.474600	 0.077723	 -3.920625	 -2.603567
1	 3875.484600	 0.148442	 -3.944080	 -2.624389
1	 3875.494600	 0.216744	 -3.974286	 -2.659515
1	 3875.494600	 0.297137	 -4.020120	 -2.680349
1	 3875.504600	 0.369577	 -4.073243	 -2.711299
1	 3875.514600	 0.432547	 -4.137419	 -2.734860
1	 3875.524600	 0.502581	 -4.205091	 -2.762492
1	 3875.534600	 0.577333	 -4.282540	 -2.790941
1	 3875.544967	 0.651566	 -4.357671	 -2.821864
1	 3875.544967	 0.714966	 -4.416164	 -2.839157
1	 3875.554967	 0.759789	 -4.458398	 -2.842163
1	 3875.564600	 0.799157	 -4.489262	 -2.830535
1	 3875.574600	 0.850177	 -4.530855	 -2.810283
1	 3875.584600	 0.912258	 -4.584762	 -2.808825
1	 3875.584600	 0.981816	 -4.675469	 -2.822955
1	 3875.594600	 1.065954	 -4.785986	 -2.860083
1	 3875.604967	 1.160534	 -4.913197	 -2.896313
1	 3875.614967	 1.278124	 -5.053619	 -2.920198
1	 3875.624600	 1.412391	 -5.199459	 -2.917335
1	 3875.634600	 1.529658	 -5.332314	 -2.918259
1	 3875.634600	 1.642177	 -5.465676	 -2.934530
1	 3875.644600	 1.807538	 -5.601822	 -2.998136
1	 3875.654600	 2.034956	 -5.739203	 -3.092354
1	 3875.664600	 2.257342	 -5.888958	 -3.209592
1	 3875.674600	 2.235992	 -6.159227	 -3.395219
1	 3875.684600	 2.437100	 -6.319191	 -3.572085
1	 3875.684600	 2.562487	 -6.462589	 -3.744312
1	 3875.694600	 2.548199	 -6.580046	 -3.878007
1	 3875.704600	 2.102974	 -6.454153	 -3.869178
1	 3875.714600	 1.598974	 -6.348005	 -3.794966
1	 3875.724600	 1.358245	 -6.317342	 -3.757409
1	 3875.734967	 1.285360	 -6.282950	 -3.746560
1	 3875.734967	 1.399881	 -6.225970	 -3.739800
1	 3875.744600	 1.552992	 -6.169146	 -3.729656
1	 3875.754600	 1.561420	 -6.108148	 -3.717032
1	 3875.764600	 1.533495	 -6.016082	 -3.680335
1	 3875.774600	 1.529786	 -5.941006	 -3.664876
1	 3875.784600	 1.521629	 -5.892490	 -3.671010
1	 3875.784600	 1.480542	 -5.877269	 -3.701151
1	 3875.794967	 1.400045	 -5.889708	 -3.734256
1	 3875.804600	 1.292137	 -5.926577	 -3.739532
1	 3875.814600	 1.171771	 -5.950312	 -3.719383
1	 3875.824600	 1.076895	 -5.952095	 -3.676894
1	 3875.834600	 0.890006	 -5.964005	 -3.640908
1	 3875.834600	 0.721649	 -5.970640	 -3.622668
1	 3875.844600	 0.597456	 -5.974533	 -3.603868
1	 3875.854600	 0.480872	 -5.961424	 -3.591208
1	 3875.864600	 0.358862	 -5.926850	 -3.558196
1	 3875.874600	 0.195785	 -5.842128	 -3.480484
1	 3875.884967	 0.077892	 -5.770572	 -3.403171
1	 3875.884967	 -0.010416	 -5.730614	 -3.346222
1	 3875.894600	 -0.105147	 -5.702592	 -3.284399
1	 3875.904967	 -0.171881	 -5.677417	 -3.220462
1	 3875.914600	 -0.234637	 -5.665331	 -3.172778
1	 3875.924600	 -0.302582	 -5.675418	 -3.140117
1	 3875.934600	 -0.383050	 -5.687657	 -3.109093
1	 3875.934600	 -0.456155	 -5.697999	 -3.091568
1	 3875.944600	 -0.525086	 -5.705628	 -3.080655
1	 3875.954600	 -0.593561	 -5.701139	 -3.071566
1	 3875.964600	 -0.678362	 -5.686534	 -3.066249
1	 3875.974600	 -0.785679	 -5.693152	 -3.061625
1	 3875.984600	 -0.927400	 -5.714322	 -3.064391
1	 3875.984600	 -1.115838	 -5.728262	 -3.069446
1	 3875.994967	 -1.371394	 -5.776996	 -3.049940
1	 3876.004600	 -1.697904	 -5.855835	 -3.030542
1	 3876.014600	 -2.058929	 -5.957524	 -2.992062
1	 3876.024600	 -2.402547	 -6.058201	 -2.950316
1	 3876.034600	 -2.725890	 -6.133617	 -2.884230
1	 3876.034600	 -3.055920	 -6.176397	 -2.809289
1	 3876.044600	 -3.405692	 -6.202370	 -2.728549
1	 3876.054967	 -3.811971	 -6.231084	 -2.643229
1	 3876.064967	 -4.348982	 -6.269993	 -2.559987
1	 3876.074600	 -5.030093	 -6.333214	 -2.499920
1	 3876.084967	 -5.845981	 -6.386643	 -2.453003
1	 3876.084967	 -6.654255	 -6.467031	 -2.411142
1	 3876.094600	 -7.443605	 -6.510194	 -2.360584
1	 3876.104600	 -8.251996	 -6.538890	 -2.308974
1	 3876.114600	 -9.080673	 -6.593226	 -2.259454
1	 3876.124967	 -10.057691	 -6.648918	 -2.170940
1	 3876.134600	 -11.124469	 -6.736107	 -2.087121
1	 3876.134600	 -12.220251	 -6.821832	 -2.023178
1	 3876.144967	 -13.420681	 -6.869397	 -1.970359
1	 3876.154967	 -14.695081	 -6.914554	 -1.926192
1	 3876.164600	 -15.984240	 -6.989972	 -1.886997
1	 3876.174967	 -17.292740	 -7.093086	 -1.849836
1	 3876.184967	 -18.597205	 -7.191781	 -1.791373
1	 3876.184967	 -19.908128	 -7.285882	 -1.731809
1	 3876.194600	 -21.222954	 -7.376177	 -1.663751
1	 3876.204600	 -22.549648	 -7.466752	 -1.616451
1	 3876.214967	 -23.894938	 -7.546293	 -1.562541
1	 3876.224600	 -25.242349	 -7.626899	 -1.516690
1	 3876.234967	 -26.613572	 -7.721924	 -1.459043
1	 3876.234967	 -28.027794	 -7.841094	 -1.403291
1	 3876.244600	 -29.435767	 -7.984837	 -1.322972
1	 3876.254600	 -30.854260	 -8.128175	 -1.231958
1	 3876.264967	 -32.280524	 -8.230268	 -1.136603
1	 3876.274967	 -33.670137	 -8.301033	 -1.053199
1	 3876.284600	 -35.055609	 -8.335478	 -0.962101
1	 3876.284600	 -36.485523	 -8.347012	 -0.871717
1	 3876.294967	 -37.912948	 -8.358576	 -0.755650
1	 3876.304967	 -39.257908	 -8.407127	 -0.656182
1	 3876.314600	 -40.513168	 -8.493442	 -0.557702
1	 3876.324967	 -41.719670	 -8.575915	 -0.474222
1	 3876.334967	 -42.880377	 -8.645216	 -0.392258
1	 3876.334967	 -44.043294	 -8.694270	 -0.323009
1	 3876.344600	 -45.228730	 -8.717541	 -0.247480
1	 3876.354967	 -46.418652	 -8.738087	 -0.177160
1	 3876.364967	 -47.578308	 -8.761934	 -0.110447
1	 3876.374600	 -48.684635	 -8.790097	 -0.067881
1	 3876.384967	 -49.737161	 -8.816935	 -0.003133
1	 3876.384967	 -50.764081	 -8.834141	 0.078444
1	 3876.394600	 -51.802326	 -8.840611	 0.182893
1	 3876.404967	 -52.878075	 -8.864934	 0.295138
1	 3876.414967	 -53.910715	 -8.910855	 0.403917
1	 3876.424967	 -54.905668	 -8.975727	 0.504934
1	 3876.434967	 -55.829378	 -9.037619	 0.602729
1	 3876.434967	 -56.711703	 -9.095924	 0.691954
1	 3876.444967	 -57.598882	 -9.107654	 0.790350
1	 3876.454967	 -58.518203	 -9.089019	 0.875186
1	 3876.464600	 -59.443730	 -9.063832	 0.957458
1	 3876.474967	 -60.389384	 -9.045861	 1.032080
1	 3876.484967	 -61.310595	 -9.035738	 1.120637
1	 3876.484967	 -62.192446	 -9.025159	 1.197480
1	 3876.494967	 -62.954756	 -9.007029	 1.281568
1	 3876.504967	 -63.602430	 -9.011248	 1.342558
1	 3876.514967	 -64.194306	 -8.998382	 1.398904
1	 3876.524600	 -64.743138	 -8.990981	 1.447944
1	 3876.534967	 -65.221628	 -8.995780	 1.492473
1	 3876.534967	 -65.654486	 -9.029549	 1.528368
1	 3876.544967	 -66.039093	 -9.062914	 1.561666
1	 3876.554600	 -66.393066	 -9.092685	 1.581993
1	 3876.564967	 -66.713589	 -9.154980	 1.610614
1	 3876.574967	 -66.999490	 -9.225015	 1.650340
1	 3876.584600	 -67.227806	 -9.293208	 1.694676
1	 3876.584600	 -67.358611	 -9.374306	 1.713162
1	 3876.594967	 -67.438515	 -9.447942	 1.727429
1	 3876.604967	 -67.520899	 -9.484937	 1.741403
1	 3876.614600	 -67.668681	 -9.485343	 1.756214
1	 3876.624967	 -67.848494	 -9.460793	 1.753347
1	 3876.634600	 -68.020406	 -9.463345	 1.747658
1	 3876.634600	 -68.115918	 -9.483931	 1.736879
1	 3876.644600	 -68.178795	 -9.491700	 1.713384
1	 3876.654967	 -68.215334	 -9.485645	 1.679326
1	 3876.664967	 -68.239784	 -9.484533	 1.648845
1	 3876.674600	 -68.282204	 -9.477552	 1.616520
1	 3876.684967	 -68.327509	 -9.470295	 1.598362
1	 3876.684967	 -68.351217	 -9.476446	 1.583672
1	 3876.694967	 -68.357854	 -9.526768	 1.569095
1	 3876.704600	 -68.351165	 -9.570407	 1.549914
1	 3876.714967	 -68.349576	 -9.590762	 1.528893
1	 3876.724967	 -68.335050	 -9.594846	 1.506586
1	 3876.734600	 -68.303102	 -9.595139	 1.481741
1	 3876.734600	 -68.247837	 -9.617127	 1.450655
1	 3876.744967	 -68.173199	 -9.648439	 1.425595
1	 3876.754967	 -68.076424	 -9.659487	 1.397920
1	 3876.764600	 -67.995199	 -9.671343	 1.374715
1	 3876.774967	 -67.926787	 -9.684523	 1.351876
1	 3876.784967	 -67.886201	 -9.687384	 1.334985
1	 3876.784967	 -67.862792	 -9.688056	 1.315131
1	 3876.794600	 -67.852149	 -9.693409	 1.297042
1	 3876.804967	 -67.827072	 -9.699363	 1.274442
1	 3876.814967	 -67.776175	 -9.707928	 1.252884
1	 3876.824600	 -67.687795	 -9.722257	 1.221224
1	 3876.834967	 -67.556319	 -9.740652	 1.195613
1	 3876.834967	 -67.383897	 -9.751872	 1.171189
1	 3876.844967	 -67.201549	 -9.764484	 1.147172
1	 3876.854600	 -66.985095	 -9.789013	 1.114965
1	 3876.864967	 -66.729201	 -9.833388	 1.076186
1	 3876.874967	 -66.430794	 -9.880607	 1.033096
1	 3876.884600	 -66.114001	 -9.908912	 0.990344
1	 3876.884600	 -65.774224	 -9.940108	 0.943735
1	 3876.894967	 -65.406429	 -9.963506	 0.893109
1	 3876.904967	 -65.003153	 -9.977955	 0.840112
1	 3876.914600	 -64.578997	 -9.991941	 0.782443
1	 3876.924600	 -64.129791	 -9.996546	 0.717268
1	 3876.934967	 -63.657867	 -10.006196	 0.658006
1	 3876.934967	 -63.166247	 -10.028965	 0.602440
1	 3876.944967	 -62.701814	 -10.050277	 0.552643
1	 3876.954967	 -62.220285	 -10.073699	 0.495717
1	 3876.964967	 -61.711521	 -10.063454	 0.427509
1	 3876.974967	 -61.189582	 -10.083684	 0.357324
1	 3876.984967	 -60.604295	 -10.089073	 0.273344
1	 3876.984967	 -59.906548	 -10.088376	 0.171792
1	 3876.994967	 -59.150819	 -10.064439	 0.057206
1	 3877.004600	 -58.349650	 -10.028327	 -0.068074
1	 3877.014967	 -57.557053	 -9.998570	 -0.201834
1	 3877.024967	 -56.768203	 -9.969014	 -0.325507
1	 3877.034967	 -56.045453	 -9.935752	 -0.431457
1	 3877.034967	 -55.318054	 -9.916372	 -0.526830
1	 3877.044967	 -54.587324	 -9.883657	 -0.624349
1	 3877.054967	 -53.858137	 -9.854972	 -0.721072
1	 3877.064967	 -53.164278	 -9.815721	 -0.804950
1	 3877.074967	 -52.487633	 -9.748026	 -0.875322
1	 3877.084967	 -51.818542	 -9.652811	 -0.938577
1	 3877.084967	 -51.129184	 -9.548057	 -0.994756
1	 3877.094600	 -50.414392	 -9.440447	 -1.059551
1	 3877.104967	 -49.681575	 -9.340490	 -1.125661
1	 3877.114967	 -48.922413	 -9.255540	 -1.192314
1	 3877.124600	 -48.132009	 -9.195355	 -1.263178
1	 3877.134967	 -47.356299	 -9.148112	 -1.333981
1	 3877.134967	 -46.599770	 -9.114674	 -1.403501
1	 3877.144967	 -45.846744	 -9.059643	 -1.479858
1	 3877.154967	 -45.064161	 -8.998403	 -1.562120
1	 3877.164967	 -44.223847	 -8.932926	 -1.639575
1	 3877.174967	 -43.337570	 -8.824796	 -1.700090
1	 3877.184967	 -42.435434	 -8.696894	 -1.727369
1	 3877.184967	 -41.552667	 -8.563537	 -1.749708
1	 3877.194967	 -40.744288	 -8.450043	 -1.745224
1	 3877.204967	 -39.990133	 -8.355813	 -1.726794
1	 3877.214967	 -39.293162	 -8.255062	 -1.708402
1	 3877.224967	 -38.602813	 -8.155649	 -1.697325
1	 3877.234967	 -37.889115	 -8.064169	 -1.690819
1	 3877.234967	 -37.140861	 -7.994929	 -1.693677
1	 3877.244600	 -36.395349	 -7.931474	 -1.705720
1	 3877.254967	 -35.677028	 -7.871571	 -1.723320
1	 3877.264967	 -35.020112	 -7.803430	 -1.736198
1	 3877.274967	 -34.393417	 -7.737123	 -1.743861
1	 3877.284967	 -33.795236	 -7.666905	 -1.754887
1	 3877.284967	 -33.197541	 -7.573980	 -1.758113
1	 3877.294967	 -32.576749	 -7.476262	 -1.741198
1	 3877.304967	 -31.922378	 -7.394966	 -1.725224
1	 3877.314967	 -31.257273	 -7.320176	 -1.699232
1	 3877.324967	 -30.581475	 -7.250065	 -1.662877
1	 3877.334967	 -29.904011	 -7.167886	 -1.617515
1	 3877.344967	 -29.225765	 -7.083915	 -1.587207
1	 3877.344967	 -28.552075	 -6.990720	 -1.564293
1	 3877.354967	 -27.861695	 -6.895687	 -1.547083
1	 3877.364600	 -27.159119	 -6.792234	 -1.536657
1	 3877.374967	 -26.443697	 -6.697796	 -1.525594
1	 3877.384967	 -25.766261	 -6.610153	 -1.509736
1	 3877.384967	 -25.107274	 -6.526288	 -1.490441
1	 3877.394967	 -24.483838	 -6.456063	 -1.464524
1	 3877.404967	 -23.864800	 -6.384230	 -1.443905
1	 3877.414967	 -23.229505	 -6.326134	 -1.428464
1	 3877.424967	 -22.579606	 -6.284418	 -1.427212
1	 3877.434967	 -21.931911	 -6.255583	 -1.436592
1	 3877.434967	 -21.311435	 -6.244116	 -1.455410
1	 3877.444967	 -20.760793	 -6.222807	 -1.474108
1	 3877.454600	 -20.260130	 -6.206216	 -1.501684
1	 3877.464967	 -19.808865	 -6.184070	 -1.521802
1	 3877.474967	 -19.388476	 -6.178028	 -1.535311
1	 3877.484967	 -19.020314	 -6.170010	 -1.538281
1	 3877.484967	 -18.680480	 -6.167940	 -1.540455
1	 3877.494967	 -18.376933	 -6.162444	 -1.534059
1	 3877.504967	 -18.101600	 -6.157202	 -1.513774
1	 3877.514967	 -17.852500	 -6.152601	 -1.492351
1	 3877.524967	 -17.619006	 -6.145134	 -1.474037
1	 3877.534967	 -17.382827	 -6.131776	 -1.458758
1	 3877.534967	 -17.112815	 -6.113671	 -1.451826
1	 3877.544600	 -16.801321	 -6.076026	 -1.448114
1	 3877.554967	 -16.437299	 -6.027787	 -1.445484
1	 3877.564967	 -16.028895	 -5.970671	 -1.440736
1	 3877.574967	 -15.591392	 -5.904834	 -1.437025
1	 3877.584967	 -15.132838	 -5.851271	 -1.442626
1	 3877.584967	 -14.627883	 -5.795231	 -1.454037
1	 3877.594967	 -14.056794	 -5.742972	 -1.466962
1	 3877.604600	 -13.406002	 -5.691918	 -1.479528
1	 3877.614967	 -12.728677	 -5.645826	 -1.494991
1	 3877.624967	 -12.052839	 -5.607950	 -1.509523
1	 3877.634600	 -11.419149	 -5.568636	 -1.523243
1	 3877.634600	 -10.800800	 -5.530272	 -1.543849
1	 3877.644967	 -10.176272	 -5.479410	 -1.567746
1	 3877.654967	 -9.478032	 -5.418245	 -1.596288
1	 3877.664600	 -8.666423	 -5.336824	 -1.605799
1	 3877.674967	 -7.725218	 -5.216637	 -1.592289
1	 3877.684967	 -6.761920	 -5.115916	 -1.604110
1	 3877.684967	 -5.790668	 -5.015791	 -1.613282
1	 3877.694600	 -4.889063	 -4.938011	 -1.621038
1	 3877.704967	 -4.015065	 -4.888881	 -1.632242
1	 3877.714967	 -3.170874	 -4.847054	 -1.641379
1	 3877.724600	 -2.304919	 -4.799863	 -1.652221
1	 3877.734967	 -1.365161	 -4.719762	 -1.660277
1	 3877.734967	 -0.310188	 -4.621608	 -1.670719
1	 3877.744967	 0.855135	 -4.500412	 -1.684455
1	 3877.754967	 2.111642	 -4.359812	 -1.699279
1	 3877.764967	 3.387860	 -4.226435	 -1.718889
1	 3877.774967	 4.687749	 -4.093535	 -1.734950
1	 3877.784600	 5.958074	 -3.968355	 -1.760702
1	 3877.784600	 7.221352	 -3.861768	 -1.783125
1	 3877.794967	 8.473701	 -3.758542	 -1.803764
1	 3877.804967	 9.719779	 -3.670549	 -1.831491
1	 3877.814967	 10.968917	 -3.598504	 -1.866557
1	 3877.824967	 12.304125	 -3.511987	 -1.893108
1	 3877.834967	 13.713840	 -3.399721	 -1.931363
1	 3877.834967	 15.171258	 -3.297050	 -1.978350
1	 3877.844600	 16.615336	 -3.200505	 -2.008862
1	 3877.854967	 18.031327	 -3.114581	 -2.019406
1	 3877.864967	 19.395812	 -3.053000	 -2.024811
1	 3877.874967	 20.736029	 -3.001893	 -2.021048
1	 3877.884967	 22.007814	 -2.969355	 -2.016059
1	 3877.884967	 23.200851	 -2.940779	 -2.001982
1	 3877.894967	 24.331656	 -2.924521	 -2.001235
1	 3877.904967	 25.471534	 -2.905003	 -1.995055
1	 3877.914967	 26.640725	 -2.876368	 -1.990404
1	 3877.924967	 27.855146	 -2.826019	 -1.977904
1	 3877.934967	 29.058718	 -2.770265	 -1.970973
1	 3877.934967	 30.237378	 -2.699224	 -1.971248
1	 3877.944967	 31.362903	 -2.653846	 -1.984318
1	 3877.954967	 32.400146	 -2.633525	 -1.991343
1	 3877.964967	 33.332806	 -2.618447	 -1.991652
1	 3877.974967	 34.215850	 -2.580246	 -1.978055
1	 3877.984967	 35.069160	 -2.540973	 -1.963095
1	 3877.984967	 35.944885	 -2.490078	 -1.943239
1	 3877.994600	 36.822286	 -2.440764	 -1.921881
1	 3878.004967	 37.708875	 -2.386491	 -1.895553
1	 3878.014967	 38.566372	 -2.335908	 -1.872484
1	 3878.024967	 39.427897	 -2.273740	 -1.853909
1	 3878.034967	 40.274453	 -2.204103	 -1.841705
1	 3878.034967	 41.151614	 -2.124232	 -1.821447
1	 3878.044967	 42.019737	 -2.048883	 -1.794392
1	 3878.054967	 42.876844	 -1.976601	 -1.752053
1	 3878.064967	 43.681110	 -1.935945	 -1.713974
1	 3878.074967	 44.463482	 -1.917118	 -1.678666
1	 3878.084967	 45.238662	 -1.904037	 -1.649060
1	 3878.084967	 46.053919	 -1.868110	 -1.612025
1	 3878.094967	 46.892872	 -1.813425	 -1.573949
1	 3878.104967	 47.728104	 -1.743018	 -1.537735
1	 3878.114967	 48.465148	 -1.694312	 -1.511427
1	 3878.124967	 49.140522	 -1.637256	 -1.492512
1	 3878.134967	 49.800140	 -1.590570	 -1.471960
1	 3878.134967	 50.480460	 -1.546351	 -1.450150
1	 3878.144600	 51.161949	 -1.505526	 -1.431755
1	 3878.154967	 51.829500	 -1.467016	 -1.417844
1	 3878.164967	 52.448490	 -1.434984	 -1.407678
1	 3878.174967	 53.039953	 -1.401331	 -1.403859
1	 3878.184967	 53.634130	 -1.377970	 -1.400834
1	 3878.184967	 54.245204	 -1.345372	 -1.409503
1	 3878.194967	 54.842803	 -1.318825	 -1.411763
1	 3878.204967	 55.400698	 -1.285502	 -1.417007
1	 3878.214967	 55.867433	 -1.273752	 -1.410888
1	 3878.224967	 56.303863	 -1.255375	 -1.406370
1	 3878.234967	 56.721123	 -1.231677	 -1.398629
1	 3878.234967	 57.151830	 -1.186665	 -1.398971
1	 3878.244967	 57.574860	 -1.153581	 -1.388647
1	 3878.254967	 57.997846	 -1.123026	 -1.378349
1	 3878.264967	 58.386034	 -1.101860	 -1.365667
1	 3878.274967	 58.732452	 -1.088187	 -1.355606
1	 3878.284967	 59.055725	 -1.087783	 -1.340802
1	 3878.284967	 59.371586	 -1.085876	 -1.329508
1	 3878.294967	 59.643697	 -1.085239	 -1.312791
1	 3878.304967	 59.886201	 -1.076418	 -1.289934
1	 3878.314967	 60.078001	 -1.064124	 -1.263657
1	 3878.324967	 60.204889	 -1.051082	 -1.241770
1	 3878.334967	 60.261822	 -1.050230	 -1.221712
1	 3878.334967	 60.274907	 -1.053625	 -1.215628
1	 3878.344967	 60.252204	 -1.066822	 -1.211747
1	 3878.354967	 60.202634	 -1.091553	 -1.217129
1	 3878.364967	 60.135085	 -1.120999	 -1.226507
1	 3878.374967	 60.064517	 -1.139004	 -1.234940
1	 3878.384967	 59.988491	 -1.149031	 -1.232625
1	 3878.384967	 59.897123	 -1.153852	 -1.223798
1	 3878.394967	 59.800279	 -1.150465	 -1.214763
1	 3878.404967	 59.705913	 -1.146871	 -1.210219
1	 3878.414967	 59.613947	 -1.150542	 -1.200881
1	 3878.424967	 59.513271	 -1.154945	 -1.196975
1	 3878.434967	 59.371176	 -1.160258	 -1.187287
1	 3878.434967	 59.199134	 -1.160248	 -1.184967
1	 3878.444967	 59.016111	 -1.160646	 -1.174931
1	 3878.454967	 58.822295	 -1.160482	 -1.170651
1	 3878.464967	 58.617817	 -1.166979	 -1.160899
1	 3878.474967	 58.407666	 -1.160920	 -1.150862
1	 3878.484967	 58.202915	 -1.157639	 -1.139761
1	 3878.484967	 58.003298	 -1.158811	 -1.139050
1	 3878.494967	 57.795765	 -1.163610	 -1.140622
1	 3878.504967	 57.537195	 -1.177170	 -1.143500
1	 3878.514967	 57.199027	 -1.195216	 -1.145382
1	 3878.524967	 56.793398	 -1.202800	 -1.153923
1	 3878.534967	 56.326441	 -1.230097	 -1.147770
1	 3878.534967	 55.818106	 -1.269234	 -1.138564
1	 3878.544967	 55.292786	 -1.308167	 -1.130775
1	 3878.554967	 54.751578	 -1.346776	 -1.122002
1	 3878.564967	 54.199615	 -1.381342	 -1.114610
1	 3878.574967	 53.633414	 -1.426182	 -1.110482
1	 3878.584967	 53.045703	 -1.473759	 -1.120853
1	 3878.584967	 52.409574	 -1.519012	 -1.145143
1	 3878.594967	 51.695426	 -1.583411	 -1.152639
1	 3878.604967	 50.897698	 -1.647845	 -1.159772
1	 3878.614967	 50.100257	 -1.707281	 -1.166353
1	 3878.624967	 49.326471	 -1.771393	 -1.156298
1	 3878.634967	 48.578331	 -1.831694	 -1.152684
1	 3878.634967	 47.814042	 -1.905702	 -1.140681
1	 3878.644967	 46.999180	 -1.979698	 -1.144830
1	 3878.654967	 46.135875	 -2.064669	 -1.144373
1	 3878.664967	 45.292747	 -2.139970	 -1.145411
1	 3878.674967	 44.473336	 -2.207060	 -1.142418
1	 3878.684967	 43.685403	 -2.267367	 -1.137364
1	 3878.684967	 42.889309	 -2.326604	 -1.123385
1	 3878.694967	 42.110206	 -2.367219	 -1.117398
1	 3878.704967	 41.307487	 -2.403989	 -1.112260
1	 3878.714967	 40.526210	 -2.431997	 -1.113750
1	 3878.724967	 39.760466	 -2.464483	 -1.115461
1	 3878.734967	 39.018090	 -2.493835	 -1.117916
1	 3878.734967	 38.272186	 -2.537677	 -1.120856
1	 3878.744967	 37.490004	 -2.596036	 -1.114620
1	 3878.754967	 36.643777	 -2.654805	 -1.111242
1	 3878.764967	 35.765761	 -2.717009	 -1.110688
1	 3878.774967	 34.837248	 -2.787819	 -1.110967
1	 3878.784967	 33.907542	 -2.847526	 -1.109609
1	 3878.784967	 32.984041	 -2.909708	 -1.109839
1	 3878.794967	 32.057177	 -2.967879	 -1.105725
1	 3878.804967	 31.123119	 -3.021422	 -1.102413
1	 3878.814967	 30.203237	 -3.071903	 -1.103115
1	 3878.824967	 29.295393	 -3.143350	 -1.097906
1	 3878.834967	 28.388276	 -3.217064	 -1.099743
1	 3878.834967	 27.428985	 -3.306538	 -1.092422
1	 3878.844600	 26.438200	 -3.384408	 -1.102571
1	 3878.854967	 25.388435	 -3.485388	 -1.107756
1	 3878.864967	 24.306508	 -3.586049	 -1.128262
1	 3878.874967	 23.201622	 -3.684197	 -1.152595
1	 3878.884967	 22.140491	 -3.772360	 -1.165389
1	 3878.884967	 21.096888	 -3.845763	 -1.191926
1	 3878.894967	 20.057209	 -3.918657	 -1.217489
1	 3878.904967	 18.998326	 -3.992713	 -1.264807
1	 3878.914967	 17.984789	 -4.066002	 -1.288961
1	 3878.924600	 16.976572	 -4.140040	 -1.318740
1	 3878.934967	 16.018948	 -4.205666	 -1.347057
1	 3878.934967	 15.089160	 -4.276254	 -1.378135
1	 3878.944967	 14.162164	 -4.318214	 -1.409523
1	 3878.954967	 13.210384	 -4.357345	 -1.453118
1	 3878.964967	 12.288650	 -4.404552	 -1.483241
1	 3878.974967	 11.398058	 -4.451917	 -1.513826
1	 3878.984967	 10.550207	 -4.487917	 -1.531674
1	 3878.984967	 9.733251	 -4.526527	 -1.546462
1	 3878.994967	 8.979560	 -4.566354	 -1.578600
1	 3879.004967	 8.307304	 -4.622404	 -1.610202
1	 3879.014967	 7.649556	 -4.666387	 -1.644652
1	 3879.024967	 6.940937	 -4.697000	 -1.676806
1	 3879.034967	 6.182870	 -4.712394	 -1.705185
1	 3879.034967	 5.373485	 -4.744190	 -1.720846
1	 3879.044967	 4.537646	 -4.785122	 -1.742747
1	 3879.054967	 3.741858	 -4.840502	 -1.779159
1	 3879.064967	 3.017536	 -4.914618	 -1.803594
1	 3879.074967	 2.347070	 -4.988916	 -1.819684
1	 3879.084967	 1.701862	 -5.048530	 -1.829683
1	 3879.084967	 1.073685	 -5.109716	 -1.826106
1	 3879.094967	 0.481216	 -5.166768	 -1.830663
1	 3879.104967	 -0.060266	 -5.228400	 -1.833688
1	 3879.114967	 -0.542503	 -5.278675	 -1.837830
1	 3879.124967	 -0.959146	 -5.319431	 -1.859389
1	 3879.134967	 -1.345492	 -5.350602	 -1.884295
1	 3879.134967	 -1.728134	 -5.341353	 -1.920016
1	 3879.144967	 -2.123184	 -5.293169	 -1.946567
1	 3879.154967	 -2.484303	 -5.291394	 -1.991578
1	 3879.164967	 -2.789999	 -5.323898	 -2.033920
1	 3879.174967	 -3.005028	 -5.373250	 -2.071815
1	 3879.184967	 -3.122063	 -5.426803	 -2.098635
1	 3879.184967	 -3.121438	 -5.505189	 -2.123392
1	 3879.194967	 -3.013841	 -5.601300	 -2.126174
1	 3879.204967	 -2.767982	 -5.714817	 -2.153169
1	 3879.214967	 -2.401200	 -5.858148	 -2.204800
1	 3879.224967	 -1.994260	 -5.971784	 -2.252543
1	 3879.234967	 -1.744082	 -5.983340	 -2.272132
1	 3879.234967	 -1.562206	 -5.952708	 -2.258318
1	 3879.244967	 -1.432663	 -5.904326	 -2.205349
1	 3879.254967	 -1.519760	 -5.868021	 -2.148572
1	 3879.264967	 -1.509741	 -5.843904	 -2.090352
1	 3879.274967	 -1.461078	 -5.801447	 -2.052765
1	 3879.284967	 -1.452162	 -5.722782	 -1.992476
1	 3879.284967	 -1.464698	 -5.623668	 -1.949383
1	 3879.294967	 -1.460506	 -5.535596	 -1.905494
1	 3879.304967	 -1.437674	 -5.459460	 -1.880308
1	 3879.314967	 -1.408804	 -5.401447	 -1.844513
1	 3879.324967	 -1.389988	 -5.351309	 -1.823871
1	 3879.334967	 -1.413702	 -5.318572	 -1.783430
1	 3879.334967	 -1.459836	 -5.287576	 -1.745050
1	 3879.344967	 -1.520731	 -5.259179	 -1.696712
1	 3879.354967	 -1.609031	 -5.233240	 -1.643051
1	 3879.364967	 -1.686917	 -5.200118	 -1.569893
1	 3879.374967	 -1.730504	 -5.163486	 -1.502734
1	 3879.384967	 -1.775181	 -5.134281	 -1.440331
1	 3879.384967	 -1.823230	 -5.105711	 -1.394275
1	 3879.394967	 -1.877534	 -5.074237	 -1.341328
1	 3879.404967	 -1.935842	 -5.040022	 -1.306632
1	 3879.414967	 -2.011162	 -5.005770	 -1.259344
1	 3879.424967	 -2.102539	 -4.963086	 -1.232316
1	 3879.434967	 -2.120499	 -4.938300	 -1.205541
1	 3879.434967	 -2.087422	 -4.925807	 -1.224956
1	 3879.444967	 -2.089539	 -4.917331	 -1.246458
1	 3879.454967	 -2.109161	 -4.903254	 -1.283801
1	 3879.464967	 -2.125903	 -4.897747	 -1.325097
1	 3879.474967	 -2.136983	 -4.897562	 -1.393368
1	 3879.474967	 -2.148461	 -4.901867	 -1.451610
1	 3879.484967	 -2.163600	 -4.918516	 -1.490417
1	 3879.494967	 -2.151962	 -4.930944	 -1.503211
1	 3879.504967	 -2.105858	 -4.904245	 -1.504584
1	 3879.514967	 -2.075191	 -4.855770	 -1.459274
1	 3879.524967	 -2.077471	 -4.804788	 -1.411804
1	 3879.534967	 -2.100324	 -4.767100	 -1.362683
1	 3879.534967	 -2.126452	 -4.730248	 -1.349980
1	 3879.544967	 -2.150129	 -4.696141	 -1.337911
1	 3879.554967	 -2.168701	 -4.656548	 -1.349103
1	 3879.564967	 -2.193765	 -4.614683	 -1.346100
1	 3879.574967	 -2.228026	 -4.572431	 -1.335562
1	 3879.584967	 -2.264984	 -4.534468	 -1.341333
1	 3879.584967	 -2.300824	 -4.519719	 -1.375349
1	 3879.594967	 -2.333481	 -4.515698	 -1.405608
1	 3879.604967	 -2.338817	 -4.513647	 -1.427867
1	 3879.614967	 -2.340745	 -4.510516	 -1.462939
1	 3879.624967	 -2.343346	 -4.524043	 -1.505306
1	 3879.634967	 -2.362762	 -4.545322	 -1.540153
1	 3879.634967	 -2.387829	 -4.560965	 -1.574637
1	 3879.644967	 -2.426457	 -4.573998	 -1.581620
1	 3879.654967	 -2.477814	 -4.569144	 -1.591116
1	 3879.664967	 -2.557427	 -4.552227	 -1.583483
1	 3879.674967	 -2.648303	 -4.529447	 -1.588376
1	 3879.684967	 -2.752673	 -4.512470	 -1.583619
1	 3879.684967	 -2.843664	 -4.497686	 -1.596216
1	 3879.694967	 -2.929259	 -4.490876	 -1.589532
1	 3879.704967	 -3.012354	 -4.487259	 -1.580160
1	 3879.714967	 -3.103054	 -4.479666	 -1.565924
1	 3879.724967	 -3.206261	 -4.479764	 -1.542440
1	 3879.734967	 -3.285280	 -4.487168	 -1.509982
1	 3879.734967	 -3.338780	 -4.504149	 -1.484880
1	 3879.744967	 -3.395116	 -4.524620	 -1.464972
1	 3879.754967	 -3.455279	 -4.536768	 -1.468611
1	 3879.764967	 -3.533849	 -4.543692	 -1.458930
1	 3879.774967	 -3.615190	 -4.540677	 -1.461515
1	 3879.784967	 -3.695129	 -4.539029	 -1.461785
1	 3879.784967	 -3.771575	 -4.533524	 -1.466968
1	 3879.794967	 -3.845114	 -4.533203	 -1.450392
1	 3879.804967	 -3.890549	 -4.530390	 -1.423783
1	 3879.814967	 -3.940895	 -4.517227	 -1.395738
1	 3879.824967	 -3.986214	 -4.492032	 -1.380931
1	 3879.834967	 -4.035601	 -4.478003	 -1.352968
1	 3879.834967	 -4.092276	 -4.470468	 -1.370125
1	 3879.844967	 -4.161274	 -4.473338	 -1.381378
1	 3879.854967	 -4.213799	 -4.468629	 -1.408010
