DevID	 CerebusTime	 Roll	 Pitch	 Yaw
1	 4046.553967	 -0.000000	 -0.000000	 0.000000
1	 4046.563967	 0.052859	 -0.030110	 -0.005609
1	 4046.573967	 0.123601	 -0.083648	 0.040687
1	 4046.573967	 0.193295	 -0.138194	 -0.034456
1	 4046.593600	 0.237088	 -0.188433	 -0.015389
1	 4046.593600	 0.258672	 -0.216637	 -0.026771
1	 4046.603967	 0.251834	 -0.234539	 -0.066933
1	 4046.613967	 0.242729	 -0.241510	 -0.187975
1	 4046.623967	 0.214914	 -0.257939	 -0.212409
1	 4046.623967	 0.203743	 -0.264165	 -0.084656
1	 4046.633600	 0.000000	 -0.000000	 0.000000
1	 4046.643967	 -0.022969	 0.021130	 -0.145084
1	 4046.653967	 -0.045434	 0.057714	 -0.162254
1	 4046.663967	 -0.074135	 0.101725	 0.013236
1	 4046.673967	 -0.102098	 0.133558	 0.029948
1	 4046.673967	 -0.114804	 0.189336	 -0.016593
1	 4046.683967	 -0.135472	 0.234994	 0.002423
1	 4046.693600	 -0.134097	 0.283179	 0.010649
1	 4046.703967	 -0.122894	 0.344940	 0.006931
1	 4046.713967	 -0.105225	 0.418607	 0.058789
1	 4046.723967	 0.000000	 0.000000	 0.000000
1	 4046.723967	 -0.009540	 0.084875	 -0.120028
1	 4046.733967	 -0.014595	 0.173069	 -0.205929
1	 4046.743967	 -0.002476	 0.251170	 -0.308337
1	 4046.753967	 0.009977	 0.291021	 -0.331403
1	 4046.763967	 0.049696	 0.299958	 -0.275524
1	 4046.773967	 0.104322	 0.292524	 -0.250476
1	 4046.773967	 0.147008	 0.281122	 -0.221723
1	 4046.783967	 0.174327	 0.262138	 -0.203415
1	 4046.793600	 0.195962	 0.248499	 -0.138131
1	 4046.803967	 0.000000	 -0.000000	 0.000000
1	 4046.813967	 0.006748	 -0.029246	 -0.137153
1	 4046.823967	 -0.019173	 -0.042265	 -0.154611
1	 4046.823967	 -0.046383	 -0.040394	 -0.123493
1	 4046.833967	 -0.066179	 -0.054186	 -0.145366
1	 4046.843967	 -0.072737	 -0.076350	 -0.217419
1	 4046.853967	 -0.066438	 -0.101153	 -0.217058
1	 4046.863967	 -0.044386	 -0.120885	 -0.190827
1	 4046.873967	 -0.025937	 -0.151154	 -0.169726
1	 4046.873967	 -0.001221	 -0.193651	 -0.186706
1	 4046.883600	 0.000000	 0.000000	 0.000000
1	 4046.893600	 0.061575	 -0.034365	 0.149014
1	 4046.903967	 0.136039	 -0.058305	 0.161704
1	 4046.913967	 0.179021	 -0.073440	 0.108267
1	 4046.923967	 0.195432	 -0.069189	 0.081020
1	 4046.923967	 0.200270	 -0.044493	 0.201193
1	 4046.933967	 0.206491	 -0.021370	 0.148560
1	 4046.943967	 0.213476	 -0.008948	 0.081689
1	 4046.953967	 0.231553	 -0.007612	 0.042083
1	 4046.963967	 0.262788	 -0.008621	 -0.026672
1	 4046.973967	 0.000000	 0.000000	 0.000000
1	 4046.973967	 0.041350	 -0.049179	 -0.070418
1	 4046.983967	 0.082410	 -0.087792	 -0.067267
1	 4046.993967	 0.105533	 -0.104914	 -0.034948
1	 4047.003967	 0.124469	 -0.109046	 -0.067859
1	 4047.013967	 0.126223	 -0.089858	 -0.111800
1	 4047.023967	 0.104446	 -0.070277	 -0.150634
1	 4047.023967	 0.062320	 -0.030507	 -0.239451
1	 4047.033967	 -0.013400	 0.008439	 -0.321246
1	 4047.043967	 -0.104663	 0.042286	 -0.326534
1	 4047.053967	 -0.000000	 0.000000	 0.000000
1	 4047.063967	 -0.067311	 0.022196	 -0.092504
1	 4047.073967	 -0.105172	 0.022713	 -0.155891
1	 4047.073967	 -0.104921	 0.000125	 -0.277193
1	 4047.083967	 -0.100297	 -0.036493	 -0.303705
1	 4047.093967	 -0.103911	 -0.071788	 -0.409664
1	 4047.103967	 -0.114947	 -0.107660	 -0.469408
1	 4047.113967	 -0.134270	 -0.137484	 -0.467251
1	 4047.123967	 -0.143408	 -0.166976	 -0.553821
1	 4047.123967	 -0.138481	 -0.202932	 -0.796909
1	 4047.133967	 0.000000	 -0.000000	 0.000000
1	 4047.143967	 0.021096	 -0.041983	 0.094656
1	 4047.153967	 0.038736	 -0.106529	 0.123773
1	 4047.163967	 0.059180	 -0.182737	 0.197729
1	 4047.173967	 -0.113433	 -0.261471	 0.308501
1	 4047.173967	 -0.409374	 -0.241136	 0.206479
1	 4047.183967	 -0.605723	 -0.156658	 -0.037404
1	 4047.193967	 -0.737736	 -0.061567	 -0.336251
1	 4047.203967	 -0.705037	 -0.011331	 -0.512429
1	 4047.213967	 -0.558993	 -0.004680	 -0.622580
1	 4047.223967	 -0.000000	 0.000000	 0.000000
1	 4047.223967	 0.213585	 -0.016203	 -0.248507
1	 4047.233967	 0.372752	 -0.039272	 -0.325989
1	 4047.243967	 0.428794	 -0.014630	 -0.029544
1	 4047.253967	 0.407873	 0.031057	 -0.152352
1	 4047.263967	 0.374004	 0.068873	 -0.355246
1	 4047.273967	 0.344269	 0.080733	 -0.448111
1	 4047.273967	 0.336066	 0.093912	 -0.659543
1	 4047.283967	 0.330795	 0.104295	 -0.717462
1	 4047.293967	 0.329336	 0.130458	 -0.638947
1	 4047.303967	 -0.000000	 0.000000	 0.000000
1	 4047.313967	 -0.054412	 0.043885	 -0.183252
1	 4047.323967	 -0.095007	 0.084329	 -0.295899
1	 4047.323967	 -0.121773	 0.130692	 -0.330651
1	 4047.333967	 -0.143292	 0.168793	 -0.448684
1	 4047.343967	 -0.141131	 0.212279	 -0.610286
1	 4047.353967	 -0.125920	 0.236087	 -0.732433
1	 4047.363967	 -0.105874	 0.259890	 -0.958498
1	 4047.373967	 -0.079507	 0.285232	 -1.111206
1	 4047.373967	 -0.048809	 0.322389	 -1.396290
1	 4047.383967	 -0.000000	 0.000000	 0.000000
1	 4047.393967	 -0.032045	 0.075635	 -0.148917
1	 4047.403967	 -0.090708	 0.155271	 -0.378802
1	 4047.413967	 -0.165601	 0.250975	 -0.779773
1	 4047.423967	 -0.277275	 0.344030	 -1.062605
1	 4047.427967	 -0.388933	 0.439359	 -1.238415
1	 4047.433967	 -0.502253	 0.537697	 -1.574819
1	 4047.443967	 -0.648172	 0.679934	 -2.067948
1	 4047.453967	 -0.889161	 0.900879	 -2.609906
1	 4047.463967	 -1.139912	 1.140510	 -3.209704
1	 4047.473967	 -1.299157	 1.339708	 -3.829334
1	 4047.483967	 -1.320137	 1.465879	 -4.498124
1	 4047.483967	 -1.624568	 1.631823	 -5.092170
1	 4047.493967	 -1.815251	 1.747034	 -5.657760
1	 4047.503967	 -1.838493	 1.833469	 -6.273005
1	 4047.513967	 -1.936477	 1.938279	 -6.872429
1	 4047.523967	 -2.046977	 2.027727	 -7.475188
1	 4047.533967	 -2.101337	 2.066422	 -8.039559
1	 4047.533967	 -2.111443	 2.098706	 -8.521981
1	 4047.543967	 -2.146978	 2.092469	 -9.216326
1	 4047.553967	 -2.186458	 2.088970	 -9.557013
1	 4047.563967	 -2.276768	 2.108744	 -9.966489
1	 4047.573967	 -2.340343	 2.160729	 -10.636385
1	 4047.583967	 -2.437077	 2.274567	 -11.433666
1	 4047.583967	 -2.601943	 2.396314	 -12.229928
1	 4047.593967	 -2.694836	 2.458247	 -13.253021
1	 4047.603967	 -2.719783	 2.494416	 -13.947200
1	 4047.613967	 -2.778436	 2.508193	 -14.584372
1	 4047.623967	 -2.856451	 2.528412	 -15.264883
1	 4047.623967	 -2.935046	 2.549093	 -16.086102
1	 4047.633967	 -3.018289	 2.595635	 -16.853547
1	 4047.643967	 -3.078598	 2.656767	 -17.399935
1	 4047.653967	 -3.114736	 2.741296	 -18.305660
1	 4047.663967	 -3.117688	 2.825355	 -19.449237
1	 4047.673967	 -3.073595	 2.926202	 -20.475493
1	 4047.683967	 -2.996022	 3.002416	 -21.783895
1	 4047.683967	 -2.848886	 3.069606	 -22.808695
1	 4047.693967	 -2.684196	 3.097669	 -23.847768
1	 4047.703967	 -2.488969	 3.084979	 -24.765427
1	 4047.713967	 -2.300743	 3.041352	 -25.744445
1	 4047.723967	 -2.200394	 2.990440	 -26.758390
1	 4047.723967	 -2.218846	 2.918315	 -28.191558
1	 4047.733967	 -2.363001	 2.824991	 -29.316929
1	 4047.743967	 -2.512761	 2.663469	 -30.775876
1	 4047.753967	 -2.599136	 2.510000	 -31.829246
1	 4047.763967	 -2.570703	 2.322279	 -33.026620
1	 4047.773967	 -2.470857	 2.162722	 -34.081809
1	 4047.773967	 -2.318982	 2.013607	 -34.688627
1	 4047.783967	 -2.143811	 1.925987	 -35.742541
1	 4047.793967	 -1.962875	 1.841493	 -36.876475
1	 4047.803967	 -1.843452	 1.769079	 -37.858497
1	 4047.813967	 -1.746960	 1.674482	 -39.439354
1	 4047.823967	 -1.617891	 1.558241	 -40.626793
1	 4047.823967	 -1.413416	 1.392764	 -42.652120
1	 4047.833967	 -1.170479	 1.256765	 -43.850142
1	 4047.843967	 -0.862924	 1.150674	 -45.723489
1	 4047.853967	 -0.515307	 1.105799	 -46.652299
1	 4047.863967	 -0.125044	 1.099649	 -47.921041
1	 4047.873967	 0.249223	 1.129882	 -48.796880
1	 4047.873967	 0.599754	 1.158940	 -50.404387
1	 4047.883967	 0.916394	 1.244508	 -51.320209
1	 4047.903967	 1.674991	 1.451172	 -54.233303
1	 4047.913967	 2.112256	 1.567273	 -55.519113
1	 4047.923967	 2.554798	 1.659042	 -56.438020
1	 4047.923967	 2.957333	 1.752371	 -57.591283
1	 4047.933967	 3.360476	 1.803141	 -59.853369
1	 4047.943967	 3.610750	 1.791392	 -60.754878
1	 4047.953967	 3.754862	 1.782073	 -62.671839
1	 4047.963967	 3.906854	 1.832874	 -63.826673
1	 4047.973967	 4.144103	 1.920485	 -65.840661
1	 4047.973967	 4.394460	 2.040150	 -67.016146
1	 4047.983967	 4.619835	 2.128433	 -68.256158
1	 4047.993967	 4.746121	 2.193006	 -69.271096
1	 4048.003967	 4.755259	 2.197606	 -70.905315
1	 4048.013967	 4.613603	 2.191483	 -71.940707
1	 4048.023967	 4.374075	 2.128135	 -73.082305
1	 4048.023967	 4.073641	 2.076572	 -74.238818
1	 4048.033967	 3.815399	 2.021226	 -75.306772
1	 4048.043967	 3.614813	 1.989463	 -76.353612
1	 4048.053967	 3.478581	 1.948938	 -77.364478
1	 4048.063967	 3.405099	 1.922690	 -78.180493
1	 4048.073967	 3.407215	 1.892797	 -79.082205
1	 4048.073967	 3.414511	 1.882777	 -79.997976
1	 4048.083967	 3.452192	 1.866238	 -81.017235
1	 4048.093967	 3.466848	 1.870501	 -82.028813
1	 4048.103967	 3.462322	 1.850621	 -83.093174
1	 4048.113967	 3.412473	 1.823761	 -84.129045
1	 4048.123967	 3.373904	 1.779803	 -85.080237
1	 4048.123967	 3.299507	 1.742428	 -86.145515
1	 4048.133967	 3.192435	 1.675968	 -87.042528
1	 4048.143967	 3.023444	 1.618867	 -87.889639
1	 4048.153967	 2.852045	 1.550037	 -88.595648
1	 4048.163967	 2.644847	 1.488675	 -89.301798
1	 4048.173967	 2.423625	 1.408711	 -89.796479
1	 4048.173967	 2.155990	 1.311066	 -90.509400
1	 4048.183967	 1.897694	 1.169553	 -91.302332
1	 4048.193967	 1.622962	 0.995119	 -92.087247
1	 4048.203967	 1.394411	 0.792884	 -92.930631
1	 4048.213967	 1.187368	 0.591259	 -93.740345
1	 4048.223967	 1.009827	 0.382159	 -94.254260
1	 4048.223967	 0.829658	 0.189591	 -94.919432
1	 4048.233967	 0.651213	 -0.001372	 -95.590639
1	 4048.243967	 0.461019	 -0.152298	 -96.265292
1	 4048.253967	 0.320382	 -0.270356	 -96.881953
1	 4048.263967	 0.198750	 -0.371689	 -97.524150
1	 4048.273967	 0.178715	 -0.464790	 -97.991039
1	 4048.273967	 0.210832	 -0.522495	 -98.577310
1	 4048.283967	 0.314194	 -0.544409	 -99.112507
1	 4048.293967	 0.446559	 -0.524319	 -99.656649
1	 4048.303967	 0.613758	 -0.485838	 -100.139541
1	 4048.313967	 0.796212	 -0.424417	 -100.641418
1	 4048.323967	 1.033383	 -0.335420	 -101.109582
1	 4048.323967	 1.281211	 -0.221609	 -101.469569
1	 4048.333967	 1.557791	 -0.094494	 -101.749363
1	 4048.343967	 1.841990	 0.060268	 -102.113604
1	 4048.353967	 2.152278	 0.230580	 -102.458377
1	 4048.363967	 2.466163	 0.410169	 -102.828844
1	 4048.373967	 2.808641	 0.589101	 -103.202484
1	 4048.373967	 3.156287	 0.778276	 -103.562882
1	 4048.383967	 3.480197	 0.960847	 -103.973694
1	 4048.393967	 3.729450	 1.129079	 -104.332799
1	 4048.403967	 3.888529	 1.256473	 -104.685691
1	 4048.413967	 3.950441	 1.341384	 -104.998531
1	 4048.423967	 3.956596	 1.387747	 -105.304680
1	 4048.423967	 3.915305	 1.400347	 -105.548711
1	 4048.433967	 3.842838	 1.378021	 -105.874293
1	 4048.443967	 3.738395	 1.339161	 -106.108178
1	 4048.453967	 3.577455	 1.275068	 -106.478869
1	 4048.463967	 3.411710	 1.209898	 -106.680764
1	 4048.473967	 3.233713	 1.130578	 -106.901356
1	 4048.473967	 3.059126	 1.055237	 -107.053443
1	 4048.483967	 2.853657	 0.968340	 -107.296543
1	 4048.493967	 2.641834	 0.892458	 -107.435013
1	 4048.503967	 2.423672	 0.801429	 -107.616623
1	 4048.513967	 2.243987	 0.735036	 -107.697905
1	 4048.523967	 2.108652	 0.681585	 -107.812676
1	 4048.523967	 2.001289	 0.651321	 -107.870191
1	 4048.533967	 1.905564	 0.608780	 -107.999011
1	 4048.543967	 1.869036	 0.583587	 -108.071103
1	 4048.553967	 1.863959	 0.564306	 -108.192044
1	 4048.563967	 1.884781	 0.569233	 -108.189757
1	 4048.573967	 1.920984	 0.574417	 -108.265666
1	 4048.573967	 1.944888	 0.590157	 -108.240495
1	 4048.583967	 1.957066	 0.603142	 -108.278217
1	 4048.593967	 1.957346	 0.622294	 -108.234405
1	 4048.603967	 1.936068	 0.630418	 -108.243463
1	 4048.613967	 1.948907	 0.652949	 -108.210567
1	 4048.623967	 1.958273	 0.675945	 -108.289923
1	 4048.623967	 1.965598	 0.699552	 -108.248063
1	 4048.633967	 1.992993	 0.712715	 -108.184003
1	 4048.643967	 2.017119	 0.726371	 -108.090477
1	 4048.653967	 2.030337	 0.723744	 -108.052803
1	 4048.663967	 2.028422	 0.715218	 -108.005621
1	 4048.673967	 1.997514	 0.698798	 -108.120572
1	 4048.673967	 1.952363	 0.681545	 -108.141869
1	 4048.683967	 1.894787	 0.654371	 -108.198847
1	 4048.693967	 1.833970	 0.631568	 -108.185289
1	 4048.703967	 1.753895	 0.604896	 -108.268840
1	 4048.713967	 1.699549	 0.591202	 -108.223105
1	 4048.723967	 1.640739	 0.574231	 -108.278871
1	 4048.723967	 1.601030	 0.560706	 -108.208712
1	 4048.733967	 1.568008	 0.539734	 -108.231528
1	 4048.743967	 1.564529	 0.526920	 -108.181945
1	 4048.753967	 1.551417	 0.513862	 -108.180967
1	 4048.763967	 1.544728	 0.496058	 -108.165651
1	 4048.773967	 1.544648	 0.475623	 -108.229926
1	 4048.773967	 1.570372	 0.467321	 -108.231986
1	 4048.783967	 1.612066	 0.464176	 -108.264421
1	 4048.793967	 1.680387	 0.478454	 -108.274347
1	 4048.803967	 1.751873	 0.493844	 -108.263486
1	 4048.813967	 1.819733	 0.513749	 -108.231072
1	 4048.823967	 1.868227	 0.520837	 -108.203870
1	 4048.823967	 1.927582	 0.528609	 -108.187670
1	 4048.833967	 1.980768	 0.533250	 -108.236123
1	 4048.843967	 2.017947	 0.531119	 -108.224043
1	 4048.853967	 2.020795	 0.512699	 -108.271616
1	 4048.863967	 2.017429	 0.493064	 -108.248332
1	 4048.873967	 2.008402	 0.473505	 -108.250426
1	 4048.873967	 1.991306	 0.459298	 -108.197788
1	 4048.883967	 1.955714	 0.440903	 -108.232823
1	 4048.893967	 1.949900	 0.442665	 -108.203723
1	 4048.903967	 1.957645	 0.457797	 -108.218331
1	 4048.913967	 1.978524	 0.484286	 -108.214569
1	 4048.923967	 1.989581	 0.504197	 -108.277596
1	 4048.923967	 2.017683	 0.513546	 -108.303442
1	 4048.933967	 2.030045	 0.512654	 -108.408979
1	 4048.943967	 2.023760	 0.515665	 -108.445037
1	 4048.953967	 2.009359	 0.521588	 -108.562423
1	 4048.963967	 2.014801	 0.546218	 -108.560261
1	 4048.973967	 2.027322	 0.575859	 -108.585918
1	 4048.973967	 2.046916	 0.614499	 -108.554615
1	 4048.983967	 2.056869	 0.650307	 -108.549458
1	 4048.993967	 2.083502	 0.688180	 -108.473290
1	 4049.003967	 2.118487	 0.728038	 -108.342187
1	 4049.013967	 2.158427	 0.773551	 -108.219500
1	 4049.023967	 2.193187	 0.807444	 -108.045502
1	 4049.023967	 2.206192	 0.830050	 -107.840974
1	 4049.033967	 2.166728	 0.820292	 -107.636175
1	 4049.043967	 2.093861	 0.793969	 -107.381429
1	 4049.053967	 2.002673	 0.753877	 -107.114025
1	 4049.063967	 1.915168	 0.723291	 -106.851653
1	 4049.073967	 1.810613	 0.694303	 -106.629979
1	 4049.073967	 1.724568	 0.694140	 -106.334702
1	 4049.083967	 1.637397	 0.696890	 -105.966643
1	 4049.093967	 1.528803	 0.657405	 -105.288838
1	 4049.103967	 1.405410	 0.654573	 -104.534081
1	 4049.113967	 1.310872	 0.672901	 -103.815674
1	 4049.123967	 1.317362	 0.707176	 -103.123873
1	 4049.123967	 1.396469	 0.777270	 -102.449688
1	 4049.133967	 1.548048	 0.874806	 -101.773414
1	 4049.143967	 1.738562	 0.988910	 -101.096835
1	 4049.153967	 1.972098	 1.115957	 -100.388832
1	 4049.163967	 2.182304	 1.245552	 -99.712751
1	 4049.173967	 2.442836	 1.383962	 -98.956393
1	 4049.173967	 2.719661	 1.512946	 -98.192563
1	 4049.183967	 3.006534	 1.638422	 -97.311978
1	 4049.193967	 3.262814	 1.745574	 -96.430832
1	 4049.203967	 3.541330	 1.829150	 -95.472958
1	 4049.213967	 3.745633	 1.856481	 -94.498842
1	 4049.223967	 3.874311	 1.814798	 -93.402228
1	 4049.223967	 3.929643	 1.702661	 -92.228899
1	 4049.233967	 4.033489	 1.553961	 -90.850016
1	 4049.243967	 4.184693	 1.409551	 -89.459819
1	 4049.253967	 4.406615	 1.300932	 -88.008400
1	 4049.263967	 4.635465	 1.215082	 -86.697438
1	 4049.273967	 4.865596	 1.136406	 -85.329667
1	 4049.273967	 5.000972	 1.047671	 -84.078187
1	 4049.283967	 5.034299	 0.909918	 -82.590002
1	 4049.293967	 4.955516	 0.774779	 -81.276813
1	 4049.303967	 4.846985	 0.588168	 -79.814838
1	 4049.313967	 4.705496	 0.388256	 -78.442073
1	 4049.323967	 4.574008	 0.203266	 -77.006230
1	 4049.323967	 4.421566	 0.020159	 -75.661069
1	 4049.333967	 4.268666	 -0.160755	 -74.164929
1	 4049.343967	 4.052363	 -0.341526	 -72.702343
1	 4049.353967	 3.857391	 -0.513453	 -71.110284
1	 4049.363967	 3.625390	 -0.663426	 -69.727539
1	 4049.373967	 3.385214	 -0.788529	 -68.407026
1	 4049.373967	 3.140599	 -0.887159	 -67.280962
1	 4049.383967	 2.933303	 -0.965129	 -66.087441
1	 4049.393967	 2.697195	 -1.024289	 -65.093119
1	 4049.403967	 2.481960	 -1.073698	 -64.014892
1	 4049.413967	 2.265978	 -1.106252	 -63.061854
1	 4049.413967	 2.080377	 -1.138179	 -62.002283
1	 4049.423967	 1.889957	 -1.156634	 -61.081469
1	 4049.433967	 1.710044	 -1.166693	 -60.147017
1	 4049.443967	 1.525970	 -1.191823	 -59.298799
1	 4049.453967	 1.354051	 -1.258245	 -58.361562
1	 4049.463967	 1.182439	 -1.359326	 -57.448488
1	 4049.473967	 1.022056	 -1.495415	 -56.388623
1	 4049.483967	 0.964348	 -1.640497	 -55.414524
1	 4049.483967	 1.082397	 -1.764018	 -54.300354
1	 4049.493967	 1.150743	 -1.838618	 -53.299001
1	 4049.503967	 1.230353	 -1.906190	 -52.263117
1	 4049.513967	 1.293161	 -1.954413	 -51.342726
1	 4049.523967	 1.341350	 -1.988743	 -50.314866
1	 4049.523967	 1.314104	 -2.004094	 -49.297001
1	 4049.533967	 1.250514	 -1.995104	 -48.139114
1	 4049.543967	 1.129656	 -1.962795	 -47.127342
1	 4049.553967	 1.036663	 -1.954782	 -46.178630
1	 4049.563967	 0.987880	 -2.004738	 -45.389747
1	 4049.573967	 0.933016	 -2.074574	 -44.628063
1	 4049.573967	 0.871532	 -2.150600	 -43.900350
1	 4049.583967	 0.769707	 -2.209543	 -43.094166
1	 4049.593967	 0.649949	 -2.260097	 -42.362738
1	 4049.603967	 0.508353	 -2.294582	 -41.593182
1	 4049.613967	 0.375507	 -2.333165	 -40.861936
1	 4049.623967	 0.247722	 -2.348079	 -40.179753
1	 4049.623967	 0.124125	 -2.331375	 -39.576405
1	 4049.633967	 -0.032702	 -2.296988	 -38.932648
1	 4049.643967	 -0.224105	 -2.305234	 -38.306561
1	 4049.653967	 -0.423300	 -2.349945	 -37.609489
1	 4049.663967	 -0.575710	 -2.426553	 -36.907188
1	 4049.673967	 -0.741023	 -2.487132	 -36.184895
1	 4049.673967	 -0.896273	 -2.531436	 -35.518552
1	 4049.683967	 -1.056454	 -2.529522	 -34.900554
1	 4049.693967	 -1.241065	 -2.497029	 -34.315356
1	 4049.703967	 -1.468301	 -2.436359	 -33.715945
1	 4049.713967	 -1.696119	 -2.392414	 -33.133368
1	 4049.723967	 -1.825377	 -2.372215	 -32.530996
1	 4049.723967	 -1.960972	 -2.325520	 -31.978039
1	 4049.733967	 -2.080637	 -2.250211	 -31.479040
1	 4049.743967	 -2.175922	 -2.188384	 -31.012010
1	 4049.753967	 -2.305361	 -2.146389	 -30.519158
1	 4049.763967	 -2.357961	 -2.166589	 -29.982212
1	 4049.773967	 -2.367818	 -2.207716	 -29.401240
1	 4049.773967	 -2.321820	 -2.287833	 -28.818818
1	 4049.783967	 -2.269255	 -2.356426	 -28.257211
1	 4049.793967	 -2.202067	 -2.439402	 -27.688157
1	 4049.803967	 -2.155863	 -2.486571	 -27.144503
1	 4049.813967	 -2.099595	 -2.538115	 -26.609256
1	 4049.823967	 -2.050650	 -2.539430	 -26.108522
1	 4049.823967	 -2.000765	 -2.543461	 -25.568229
1	 4049.833967	 -1.936009	 -2.522996	 -25.027149
1	 4049.843967	 -1.805525	 -2.505700	 -24.488687
1	 4049.853967	 -1.658133	 -2.462513	 -23.979198
1	 4049.863967	 -1.499861	 -2.432711	 -23.461027
1	 4049.873967	 -1.340143	 -2.392525	 -22.938064
1	 4049.873967	 -1.197227	 -2.401512	 -22.328944
1	 4049.883967	 -1.043135	 -2.415985	 -21.620107
1	 4049.893967	 -0.874008	 -2.544287	 -20.733351
1	 4049.903967	 -0.601349	 -2.770306	 -19.741554
1	 4049.913967	 -0.535258	 -2.934996	 -18.882050
1	 4049.923967	 -0.404413	 -3.060745	 -18.148150
1	 4049.923967	 -0.235674	 -3.195149	 -17.461273
1	 4049.933967	 -0.094056	 -3.273433	 -16.841667
1	 4049.943967	 0.164938	 -3.372514	 -16.223745
1	 4049.953967	 0.571042	 -3.456397	 -15.618312
1	 4049.963967	 0.780496	 -3.563237	 -14.993698
1	 4049.973967	 0.971002	 -3.665155	 -14.392778
1	 4049.973967	 1.155700	 -3.792556	 -13.726644
1	 4049.983967	 1.331102	 -3.923964	 -12.997262
1	 4049.993967	 1.523519	 -4.113592	 -12.202805
1	 4050.003967	 1.460032	 -4.201742	 -11.533255
1	 4050.013967	 1.651818	 -4.371525	 -10.798974
1	 4050.023967	 1.762782	 -4.475561	 -10.136913
1	 4050.023967	 1.702817	 -4.588372	 -9.461659
1	 4050.033967	 1.650546	 -4.669235	 -8.847141
1	 4050.043967	 1.655897	 -4.757927	 -8.258828
1	 4050.053967	 1.675296	 -4.813834	 -7.708439
1	 4050.063967	 1.709899	 -4.891199	 -7.142554
1	 4050.073967	 1.746916	 -4.968717	 -6.544840
1	 4050.073967	 1.834792	 -5.089729	 -5.922309
1	 4050.083967	 1.915142	 -5.187302	 -5.328551
1	 4050.093967	 1.911650	 -5.305703	 -4.709118
1	 4050.103967	 1.877144	 -5.395422	 -4.095652
1	 4050.113967	 1.838830	 -5.491083	 -3.459046
1	 4050.123967	 1.791035	 -5.558391	 -2.824527
1	 4050.123967	 1.757406	 -5.641864	 -2.168572
1	 4050.133967	 1.736367	 -5.715499	 -1.504251
1	 4050.143967	 1.701476	 -5.790787	 -0.849033
1	 4050.183967	 0.693320	 -5.675571	 1.992268
1	 4050.193967	 0.537479	 -5.604816	 2.445461
1	 4050.203967	 0.417544	 -5.519439	 2.861871
1	 4050.213967	 0.335134	 -5.457451	 3.275389
1	 4050.223967	 0.280102	 -5.389448	 3.673614
1	 4050.223967	 0.191556	 -5.347665	 4.099775
1	 4050.233967	 0.090900	 -5.274477	 4.481036
1	 4050.243967	 -0.002341	 -5.198430	 4.873550
1	 4050.253967	 -0.062730	 -5.149188	 5.349828
1	 4050.263967	 -0.066150	 -5.183274	 5.942922
1	 4050.273967	 -0.022485	 -5.253996	 6.567775
1	 4050.273967	 0.075275	 -5.357736	 7.185950
1	 4050.283967	 0.150810	 -5.424150	 7.732400
1	 4050.293967	 0.167466	 -5.436192	 8.157394
1	 4050.303967	 0.155867	 -5.370634	 8.498489
1	 4050.313967	 0.149414	 -5.364810	 8.927249
1	 4050.323967	 0.263224	 -5.492494	 9.530332
1	 4050.323967	 0.437879	 -5.708544	 10.237096
1	 4050.333967	 0.625364	 -5.876126	 10.896759
1	 4050.343967	 0.733100	 -5.964859	 11.446365
1	 4050.353967	 0.760015	 -6.004358	 11.959101
1	 4050.363967	 0.833569	 -6.035518	 12.517052
1	 4050.373967	 0.868996	 -6.079438	 13.172455
1	 4050.373967	 0.820688	 -6.203943	 13.926439
1	 4050.383967	 0.732276	 -6.324305	 14.676671
1	 4050.393967	 0.567576	 -6.383492	 15.371003
1	 4050.403967	 0.436702	 -6.396216	 16.008893
1	 4050.413967	 0.335580	 -6.370471	 16.579749
1	 4050.423967	 0.254425	 -6.327327	 17.113660
1	 4050.423967	 0.181132	 -6.287726	 17.647938
1	 4050.433967	 0.079491	 -6.231136	 18.174924
1	 4050.443967	 -0.115846	 -6.153874	 18.727350
1	 4050.453967	 -0.374170	 -6.050668	 19.318339
1	 4050.463967	 -0.598025	 -5.954788	 19.944319
1	 4050.473967	 -0.679423	 -5.864618	 20.573528
1	 4050.473967	 -0.643849	 -5.831179	 21.205598
1	 4050.483967	 -0.567382	 -5.834462	 21.846159
1	 4050.493967	 -0.491368	 -5.858907	 22.515985
1	 4050.503967	 -0.365682	 -5.848864	 23.169895
1	 4050.513967	 -0.262599	 -5.779867	 23.825398
1	 4050.523967	 -0.180735	 -5.627787	 24.477148
1	 4050.523967	 -0.128357	 -5.459040	 25.141837
1	 4050.533967	 -0.068597	 -5.406501	 25.885028
1	 4050.543967	 0.014519	 -5.520283	 26.723215
1	 4050.553967	 0.131450	 -5.715679	 27.583079
1	 4050.563967	 0.244172	 -5.925143	 28.439729
1	 4050.573967	 0.320424	 -6.052068	 29.228268
1	 4050.573967	 0.343042	 -6.065010	 29.928178
1	 4050.583967	 0.341315	 -5.970385	 30.536049
1	 4050.593967	 0.321092	 -5.806078	 31.088641
1	 4050.603967	 0.342510	 -5.680544	 31.656318
1	 4050.613967	 0.405750	 -5.609420	 32.255539
1	 4050.623967	 0.526105	 -5.601363	 32.914672
1	 4050.623967	 0.632800	 -5.658911	 33.630887
1	 4050.633967	 0.702218	 -5.760542	 34.344386
1	 4050.643967	 0.743344	 -5.845509	 34.984353
1	 4050.653967	 0.711943	 -5.850974	 35.505092
1	 4050.663967	 0.570286	 -5.751028	 35.942930
1	 4050.673967	 0.413575	 -5.581169	 36.354659
1	 4050.673967	 0.291641	 -5.388924	 36.788737
1	 4050.683967	 0.253798	 -5.223153	 37.287012
1	 4050.693967	 0.267741	 -5.088549	 37.820384
1	 4050.703967	 0.236294	 -4.995444	 38.376429
1	 4050.713967	 0.146658	 -4.930680	 38.932259
1	 4050.723967	 0.044832	 -4.841393	 39.465050
1	 4050.723967	 -0.140918	 -4.722077	 39.986298
1	 4050.733967	 -0.394101	 -4.580908	 40.483778
1	 4050.743967	 -0.692988	 -4.430349	 40.947972
1	 4050.753967	 -0.991784	 -4.277456	 41.379164
1	 4050.763967	 -1.284565	 -4.191894	 41.865738
1	 4050.773967	 -1.552152	 -4.213993	 42.423832
1	 4050.773967	 -1.759635	 -4.296463	 43.026103
1	 4050.783967	 -1.951058	 -4.400255	 43.630700
1	 4050.793967	 -2.221328	 -4.500433	 44.227798
1	 4050.803967	 -2.531316	 -4.590743	 44.791875
1	 4050.813967	 -2.812604	 -4.784396	 45.194340
1	 4050.823967	 -3.034405	 -5.102010	 45.498941
1	 4050.823967	 -3.172103	 -5.462791	 45.955002
1	 4050.833967	 -3.305042	 -5.704042	 46.261028
1	 4050.843967	 -3.390577	 -5.935973	 46.492765
1	 4050.853967	 -3.400894	 -6.164512	 46.670389
1	 4050.863967	 -3.816285	 -5.787536	 47.065430
1	 4050.873967	 -4.145192	 -5.251073	 47.390763
1	 4050.873967	 -4.310148	 -5.090874	 47.656260
1	 4050.883967	 -4.473218	 -5.088132	 47.962648
1	 4050.893967	 -4.604359	 -5.139196	 48.316610
1	 4050.903967	 -4.673153	 -5.191644	 48.680147
1	 4050.913967	 -4.670084	 -5.237533	 49.065391
1	 4050.923967	 -4.599863	 -5.294845	 49.455473
1	 4050.923967	 -4.534462	 -5.371114	 49.829981
1	 4050.933967	 -4.509746	 -5.448561	 50.166637
1	 4050.943967	 -4.546421	 -5.510524	 50.490781
1	 4050.953967	 -4.671293	 -5.568726	 50.812278
1	 4050.963967	 -4.876600	 -5.647220	 51.132077
1	 4050.973967	 -5.099265	 -5.734830	 51.467395
1	 4050.973967	 -5.242221	 -5.831674	 51.855076
1	 4050.983967	 -5.206397	 -5.920676	 52.279448
1	 4050.993967	 -4.992559	 -5.932773	 52.752254
1	 4051.003967	 -4.720138	 -5.870535	 53.243395
1	 4051.013967	 -4.509645	 -5.803692	 53.722775
1	 4051.023967	 -4.376385	 -5.761925	 54.203005
1	 4051.023967	 -4.301694	 -5.714681	 54.710685
1	 4051.033967	 -4.211338	 -5.649192	 55.266707
1	 4051.043967	 -4.133957	 -5.572591	 55.867421
1	 4051.053967	 -4.113566	 -5.520088	 56.521179
1	 4051.063967	 -4.156984	 -5.549754	 57.230818
1	 4051.073967	 -4.193217	 -5.655841	 57.982865
1	 4051.073967	 -4.063227	 -5.708420	 58.757093
1	 4051.083967	 -3.779357	 -5.570838	 59.557223
1	 4051.093967	 -3.461750	 -5.301650	 60.439817
1	 4051.103967	 -3.138021	 -5.014591	 61.411303
1	 4051.113967	 -2.891265	 -4.745070	 62.431746
1	 4051.123967	 -2.731060	 -4.481478	 63.451997
1	 4051.123967	 -2.700052	 -4.262326	 64.430977
1	 4051.133967	 -2.788799	 -4.136622	 65.345784
1	 4051.143967	 -2.807305	 -4.077529	 66.291154
1	 4051.153967	 -2.669787	 -4.046639	 67.360288
1	 4051.163967	 -2.492176	 -3.948402	 68.637326
1	 4051.173967	 -2.221183	 -3.693811	 69.992746
1	 4051.173967	 -1.908195	 -3.353106	 71.349293
1	 4051.183967	 -1.602824	 -2.978186	 72.641949
1	 4051.193967	 -1.370395	 -2.617266	 73.839107
1	 4051.203967	 -1.266631	 -2.303462	 74.919553
1	 4051.213967	 -1.276267	 -2.058860	 75.896983
1	 4051.223967	 -1.254452	 -1.887477	 76.827742
1	 4051.223967	 -1.084607	 -1.694331	 77.786465
1	 4051.233967	 -0.758047	 -1.407529	 78.790981
1	 4051.243967	 -0.367601	 -1.059621	 79.832231
1	 4051.253967	 -0.029421	 -0.734136	 80.883132
1	 4051.263967	 0.241843	 -0.427231	 81.910602
1	 4051.273967	 0.519492	 -0.163783	 82.881580
1	 4051.273967	 0.766808	 0.048921	 83.787220
1	 4051.283967	 0.938213	 0.196510	 84.590812
1	 4051.293967	 1.022884	 0.265186	 85.302762
1	 4051.303967	 1.053879	 0.273938	 85.940959
1	 4051.313967	 1.032805	 0.248175	 86.528948
1	 4051.323967	 1.047815	 0.228437	 87.051751
1	 4051.323967	 1.130041	 0.275775	 87.546571
1	 4051.333967	 1.280710	 0.413363	 88.018742
1	 4051.343967	 1.407502	 0.562115	 88.455986
1	 4051.353967	 1.449010	 0.686696	 88.860432
1	 4051.363967	 1.446913	 0.807203	 89.248270
1	 4051.373967	 1.462503	 0.909869	 89.615302
1	 4051.373967	 1.492213	 0.987972	 89.947343
1	 4051.383967	 1.534000	 1.026729	 90.227421
1	 4051.393967	 1.617233	 1.008071	 90.479015
1	 4051.403967	 1.723417	 0.944446	 90.715010
1	 4051.413967	 1.789259	 0.842834	 90.931307
1	 4051.423967	 1.801180	 0.734508	 91.144978
1	 4051.423967	 1.796720	 0.673068	 91.366573
1	 4051.433967	 1.783288	 0.653184	 91.562386
1	 4051.443967	 1.725313	 0.635019	 91.705076
1	 4051.453967	 1.603471	 0.613360	 91.791712
1	 4051.463967	 1.450721	 0.573874	 91.837816
1	 4051.473967	 1.309766	 0.516544	 91.856805
1	 4051.473967	 1.211745	 0.448429	 91.858810
1	 4051.483967	 1.201852	 0.376390	 91.853933
1	 4051.493967	 1.256106	 0.314492	 91.868395
1	 4051.503967	 1.337525	 0.282811	 91.892327
1	 4051.513967	 1.413818	 0.275987	 91.926374
1	 4051.523967	 1.408846	 0.283355	 91.974568
1	 4051.523967	 1.344871	 0.330581	 92.035522
1	 4051.533967	 1.271000	 0.410916	 92.109852
1	 4051.543967	 1.168347	 0.483903	 92.172329
1	 4051.553967	 1.034066	 0.539920	 92.210191
1	 4051.563967	 0.891290	 0.560184	 92.236142
1	 4051.573967	 0.758916	 0.538339	 92.247438
1	 4051.573967	 0.661736	 0.484076	 92.252887
1	 4051.583967	 0.649417	 0.438463	 92.275100
1	 4051.593967	 0.696716	 0.425394	 92.325869
1	 4051.603967	 0.767841	 0.430302	 92.382776
1	 4051.613967	 0.804853	 0.448438	 92.434743
1	 4051.623967	 0.816046	 0.478454	 92.468450
1	 4051.623967	 0.796170	 0.510673	 92.492911
1	 4051.633967	 0.763178	 0.534529	 92.514213
1	 4051.643967	 0.742148	 0.542948	 92.547421
1	 4051.653967	 0.785780	 0.542625	 92.601358
1	 4051.663967	 0.889592	 0.558026	 92.679976
1	 4051.673967	 1.030966	 0.574286	 92.751154
1	 4051.673967	 1.161561	 0.582286	 92.806218
1	 4051.683967	 1.265084	 0.583654	 92.842202
1	 4051.693967	 1.343873	 0.607820	 92.872296
1	 4051.703967	 1.402481	 0.648864	 92.892709
1	 4051.713967	 1.438505	 0.688809	 92.906186
1	 4051.723967	 1.466558	 0.734938	 92.912535
1	 4051.723967	 1.493375	 0.767326	 92.918864
1	 4051.733967	 1.548279	 0.787773	 92.931431
1	 4051.743967	 1.632006	 0.803377	 92.959208
1	 4051.753967	 1.743574	 0.814139	 92.990651
1	 4051.763967	 1.869539	 0.832989	 93.009086
1	 4051.773967	 2.004297	 0.858119	 92.990024
1	 4051.773967	 2.128695	 0.893075	 92.934820
1	 4051.783967	 2.229672	 0.922886	 92.838067
1	 4051.793967	 2.288691	 0.955278	 92.722291
1	 4051.803967	 2.327900	 1.001858	 92.592758
1	 4051.813967	 2.365909	 1.044963	 92.453841
1	 4051.823967	 2.409217	 1.074546	 92.302911
1	 4051.823967	 2.473582	 1.081417	 92.139374
1	 4051.833967	 2.554035	 1.057995	 91.949841
1	 4051.843967	 2.624245	 1.004595	 91.714480
1	 4051.853967	 2.685248	 0.941023	 91.428364
1	 4051.863967	 2.738724	 0.866972	 91.094336
1	 4051.873967	 2.830042	 0.798070	 90.717438
1	 4051.873967	 2.986282	 0.740034	 90.306618
1	 4051.883967	 3.232983	 0.668837	 89.859770
1	 4051.893967	 3.540554	 0.567147	 89.354795
1	 4051.903967	 3.827090	 0.447874	 88.770500
1	 4051.913967	 4.087711	 0.303064	 88.096250
1	 4051.923967	 4.347074	 0.144347	 87.342594
1	 4051.923967	 4.632171	 -0.011553	 86.531549
1	 4051.933967	 4.970571	 -0.146882	 85.671196
1	 4051.943967	 5.348260	 -0.259789	 84.771110
1	 4051.953967	 5.741784	 -0.350271	 83.831791
1	 4051.963967	 6.100001	 -0.409694	 82.895086
1	 4051.973967	 6.322606	 -0.481203	 82.075008
1	 4051.973967	 6.393385	 -0.570816	 81.319057
1	 4051.983967	 6.386696	 -0.686393	 80.520798
1	 4051.993967	 6.323621	 -0.757536	 79.701241
1	 4052.003967	 6.255800	 -0.779534	 78.906097
1	 4052.013967	 6.200087	 -0.786892	 78.121436
1	 4052.023967	 6.115484	 -0.789395	 77.261823
1	 4052.023967	 6.013530	 -0.810443	 76.308323
1	 4052.033967	 5.916972	 -0.812206	 75.309085
1	 4052.043967	 5.744146	 -0.806189	 74.387818
1	 4052.053967	 5.520330	 -0.766471	 73.573379
1	 4052.063967	 5.299144	 -0.726240	 72.833446
1	 4052.073967	 5.053850	 -0.714331	 72.120346
1	 4052.073967	 4.784303	 -0.733824	 71.424581
1	 4052.083967	 4.502880	 -0.768490	 70.739549
1	 4052.093967	 4.198259	 -0.798617	 70.039542
1	 4052.103967	 3.855636	 -0.833175	 69.311697
1	 4052.113967	 3.540632	 -0.882161	 68.581083
1	 4052.123967	 3.297871	 -0.923004	 67.860664
1	 4052.123967	 3.107620	 -0.951287	 67.139535
1	 4052.133967	 2.922585	 -0.964194	 66.434466
1	 4052.143967	 2.727666	 -0.968119	 65.717091
1	 4052.153967	 2.512218	 -0.979056	 64.953143
1	 4052.163967	 2.269428	 -0.977758	 64.150004
1	 4052.173967	 2.003486	 -0.947651	 63.334170
1	 4052.173967	 1.722544	 -0.919414	 62.525829
1	 4052.183967	 1.447358	 -0.900145	 61.718209
1	 4052.193967	 1.163637	 -0.886127	 60.902272
1	 4052.203967	 0.881697	 -0.877929	 60.044094
1	 4052.213967	 0.672117	 -0.848818	 59.167269
1	 4052.223967	 0.541089	 -0.744571	 58.287715
1	 4052.223967	 0.473475	 -0.593399	 57.419615
1	 4052.233967	 0.402342	 -0.441798	 56.580778
1	 4052.243967	 0.235109	 -0.326397	 55.745974
1	 4052.253967	 -0.016536	 -0.269274	 54.896072
1	 4052.263967	 -0.300373	 -0.270250	 54.052230
1	 4052.273967	 -0.539635	 -0.288045	 53.242882
1	 4052.273967	 -0.666072	 -0.291967	 52.486547
1	 4052.283967	 -0.700110	 -0.250354	 51.776980
1	 4052.293967	 -0.701342	 -0.182224	 51.078398
1	 4052.303967	 -0.698557	 -0.095645	 50.362159
1	 4052.313967	 -0.708302	 0.002153	 49.643595
1	 4052.323967	 -0.728743	 0.108672	 48.911911
1	 4052.323967	 -0.770691	 0.208431	 48.166142
1	 4052.333967	 -0.903459	 0.297376	 47.382090
1	 4052.343967	 -1.138254	 0.381974	 46.558979
1	 4052.353967	 -1.444577	 0.481259	 45.715312
1	 4052.363967	 -1.781716	 0.582285	 44.877989
1	 4052.373967	 -2.110895	 0.677494	 44.048664
1	 4052.373967	 -2.390116	 0.772863	 43.259697
1	 4052.383967	 -2.639162	 0.889714	 42.491321
1	 4052.393967	 -2.857913	 1.008695	 41.713493
1	 4052.403967	 -3.082573	 1.148139	 40.898993
1	 4052.413967	 -3.318860	 1.327144	 40.053175
1	 4052.423967	 -3.579941	 1.525539	 39.172036
1	 4052.423967	 -3.874948	 1.721427	 38.288612
1	 4052.433967	 -4.273691	 1.896212	 37.365573
1	 4052.443967	 -4.779052	 2.022352	 36.405423
1	 4052.453967	 -5.352735	 2.110029	 35.424622
1	 4052.463967	 -5.928846	 2.160886	 34.453730
1	 4052.473967	 -6.437173	 2.181408	 33.510054
1	 4052.473967	 -6.791592	 2.180386	 32.614492
1	 4052.483967	 -6.968242	 2.228722	 31.764206
1	 4052.493967	 -7.023153	 2.360516	 30.978114
1	 4052.503967	 -7.068645	 2.508375	 30.240223
1	 4052.513967	 -7.143245	 2.606923	 29.497248
1	 4052.523967	 -7.177327	 2.700002	 28.793840
1	 4052.523967	 -7.211883	 2.778386	 28.102255
1	 4052.533967	 -7.338363	 2.818755	 27.374597
1	 4052.543967	 -7.561695	 2.839835	 26.604918
1	 4052.553967	 -7.790945	 2.844811	 25.807492
1	 4052.563967	 -7.982785	 2.835678	 25.001623
1	 4052.573967	 -8.159590	 2.849469	 24.194151
1	 4052.573967	 -8.296075	 2.881296	 23.424228
1	 4052.583967	 -8.413108	 2.958650	 22.719353
1	 4052.593967	 -8.483847	 3.078062	 22.084240
1	 4052.603967	 -8.536396	 3.270327	 21.499851
1	 4052.613967	 -8.553657	 3.494401	 20.970725
1	 4052.623967	 -8.504708	 3.689124	 20.481627
1	 4052.623967	 -8.473987	 3.818571	 19.993480
1	 4052.633967	 -8.500408	 3.909713	 19.485255
1	 4052.643967	 -8.585558	 3.999229	 18.963128
1	 4052.653967	 -8.716266	 4.103008	 18.426285
1	 4052.663967	 -8.883576	 4.224323	 17.895163
1	 4052.673967	 -9.042259	 4.356062	 17.393632
1	 4052.673967	 -9.157074	 4.491885	 16.934676
1	 4052.683967	 -9.025851	 4.763598	 16.583947
1	 4052.693967	 -8.529034	 5.050016	 16.363604
1	 4052.703967	 -8.015942	 5.213802	 16.177420
1	 4052.713967	 -7.453799	 5.185997	 16.010928
1	 4052.723967	 -6.884636	 5.063452	 15.843660
1	 4052.723967	 -6.288820	 4.981994	 15.681341
1	 4052.733967	 -5.722237	 4.952712	 15.493062
1	 4052.743967	 -5.211713	 4.809369	 15.284178
1	 4052.753967	 -4.871456	 4.666250	 15.048267
1	 4052.763967	 -4.674400	 4.574383	 14.811260
1	 4052.773967	 -4.585223	 4.537848	 14.570540
1	 4052.773967	 -4.635262	 4.502953	 14.296586
1	 4052.783967	 -4.792142	 4.440432	 13.980753
1	 4052.793967	 -4.986353	 4.366780	 13.638881
1	 4052.803967	 -5.104100	 4.339558	 13.280023
1	 4052.813967	 -5.061947	 4.374713	 12.945506
1	 4052.823967	 -4.885961	 4.439548	 12.647120
1	 4052.823967	 -4.658855	 4.511302	 12.363193
1	 4052.833967	 -4.432450	 4.560986	 12.085036
1	 4052.843967	 -4.334235	 4.490593	 11.813911
1	 4052.853967	 -4.331273	 4.358720	 11.580769
1	 4052.863967	 -4.377466	 4.173507	 11.361111
1	 4052.873967	 -4.434559	 4.007598	 11.143029
1	 4052.873967	 -4.412742	 3.911899	 10.924442
1	 4052.883967	 -4.366950	 3.917851	 10.661476
1	 4052.893967	 -4.419566	 4.004511	 10.337061
1	 4052.903967	 -4.623887	 4.156726	 9.971505
1	 4052.913967	 -4.901968	 4.344058	 9.558833
1	 4052.923967	 -5.121140	 4.542058	 9.135822
1	 4052.923967	 -5.217434	 4.729938	 8.720230
1	 4052.933967	 -5.191280	 4.883951	 8.321790
1	 4052.943967	 -5.118371	 5.034116	 7.848467
1	 4052.953967	 -5.073508	 5.263807	 7.050908
1	 4052.963967	 -4.951426	 5.552133	 6.320560
1	 4052.973967	 -4.804079	 5.751149	 5.690346
1	 4052.973967	 -4.718394	 5.847159	 5.064038
1	 4052.983967	 -4.716392	 5.911796	 4.404124
1	 4052.993967	 -4.712133	 5.920060	 3.840980
1	 4053.003967	 -4.738160	 5.773423	 3.496922
1	 4053.013967	 -4.710696	 5.530817	 3.325215
1	 4053.023967	 -4.661886	 5.213817	 3.217618
1	 4053.023967	 -4.647818	 4.865548	 3.087384
1	 4053.033967	 -4.644910	 4.548749	 2.864633
1	 4053.043967	 -4.696025	 4.279127	 2.481041
1	 4053.052967	 -4.837974	 4.062001	 1.978809
1	 4053.062967	 -5.043969	 3.853583	 1.445223
1	 4053.072967	 -5.315884	 3.604982	 0.939833
1	 4053.072967	 -5.659971	 3.311618	 0.476764
1	 4053.082967	 -6.034136	 3.019814	 0.031729
1	 4053.092967	 -6.472309	 2.777474	 -0.448214
1	 4053.102967	 -6.954395	 2.595352	 -0.963345
1	 4053.112967	 -6.416910	 2.751087	 -1.619977
1	 4053.122967	 -5.514951	 3.103259	 -2.239894
1	 4053.122967	 -5.383887	 3.154176	 -2.726510
1	 4053.132967	 -5.461421	 3.158627	 -3.214769
1	 4053.142967	 -5.409646	 3.249915	 -3.732478
1	 4053.152967	 -5.284666	 3.381299	 -4.182791
1	 4053.162967	 -5.112354	 3.490727	 -4.549428
1	 4053.172967	 -4.903252	 3.573059	 -4.880916
1	 4053.172967	 -4.724747	 3.601228	 -5.194679
1	 4053.182967	 -4.621591	 3.582155	 -5.483562
1	 4053.192967	 -4.566641	 3.537690	 -5.770916
1	 4053.202967	 -4.559721	 3.477134	 -6.083006
1	 4053.212967	 -4.630777	 3.444568	 -6.455357
1	 4053.222967	 -4.740353	 3.462282	 -6.882359
1	 4053.222967	 -4.783782	 3.510624	 -7.266705
1	 4053.232967	 -4.651231	 3.548908	 -7.534360
1	 4053.242967	 -4.383637	 3.557646	 -7.710482
1	 4053.252967	 -4.094516	 3.553366	 -7.846878
1	 4053.262967	 -3.867446	 3.557182	 -7.981082
1	 4053.272967	 -3.750837	 3.568604	 -8.104716
1	 4053.272967	 -3.696804	 3.580146	 -8.208670
1	 4053.282967	 -3.640946	 3.602434	 -8.318349
1	 4053.292967	 -3.646404	 3.584736	 -8.442483
1	 4053.302967	 -3.714580	 3.523906	 -8.569379
1	 4053.312967	 -3.770125	 3.471161	 -8.703840
1	 4053.322967	 -3.802065	 3.431410	 -8.803110
1	 4053.322967	 -3.779537	 3.384544	 -8.844734
1	 4053.332967	 -3.686295	 3.341864	 -8.855601
1	 4053.342967	 -3.530677	 3.319658	 -8.870543
1	 4053.352967	 -3.293185	 3.317075	 -8.903362
1	 4053.362967	 -3.028409	 3.330058	 -8.943478
1	 4053.372967	 -2.792662	 3.348721	 -8.970636
1	 4053.372967	 -2.650497	 3.357116	 -9.013325
1	 4053.382967	 -2.565599	 3.381995	 -9.123419
1	 4053.392967	 -2.476141	 3.415686	 -9.235692
1	 4053.402967	 -2.439098	 3.452531	 -9.302529
1	 4053.412967	 -2.382371	 3.491592	 -9.352289
1	 4053.422967	 -2.265911	 3.549979	 -9.414055
1	 4053.422967	 -2.098141	 3.633102	 -9.497586
1	 4053.432967	 -1.948814	 3.738019	 -9.519442
1	 4053.442967	 -1.880270	 3.832677	 -9.541572
1	 4053.452967	 -1.867117	 3.936478	 -9.569761
1	 4053.462967	 -1.923364	 4.025662	 -9.624079
1	 4053.472967	 -1.965565	 4.083421	 -9.669451
1	 4053.472967	 -1.979878	 4.119348	 -9.714677
1	 4053.482967	 -1.908177	 4.182522	 -9.787131
1	 4053.492967	 -1.747894	 4.315729	 -9.909372
1	 4053.502967	 -1.586689	 4.464645	 -10.034094
1	 4053.512967	 -1.474903	 4.581773	 -10.120895
1	 4053.522967	 -1.401917	 4.666001	 -10.187184
1	 4053.522967	 -1.365556	 4.693749	 -10.245883
1	 4053.532967	 -1.371160	 4.661233	 -10.298881
1	 4053.542967	 -1.387302	 4.588285	 -10.353928
1	 4053.552967	 -1.430797	 4.499745	 -10.419043
1	 4053.562967	 -1.432807	 4.407362	 -10.462875
1	 4053.572967	 -1.420851	 4.311880	 -10.479616
1	 4053.582967	 -1.389310	 4.208457	 -10.465969
1	 4053.582967	 -1.353106	 4.098335	 -10.436397
1	 4053.592967	 -1.296093	 3.987558	 -10.401461
1	 4053.602967	 -1.219959	 3.870359	 -10.367203
1	 4053.612967	 -1.114180	 3.711214	 -10.330519
1	 4053.622967	 -0.989452	 3.503413	 -10.288357
1	 4053.632967	 -0.863869	 3.259883	 -10.238612
1	 4053.632967	 -0.840299	 2.977459	 -10.237268
1	 4053.642967	 -0.912095	 2.649534	 -10.230490
1	 4053.652967	 -1.002479	 2.329276	 -10.214314
1	 4053.662967	 -1.056445	 2.033978	 -10.206196
1	 4053.672967	 -1.014206	 1.741780	 -10.213671
1	 4053.682967	 -0.932379	 1.458684	 -10.223599
1	 4053.682967	 -0.867473	 1.200930	 -10.229851
1	 4053.692967	 -0.807095	 0.973847	 -10.226027
1	 4053.702967	 -0.744993	 0.706961	 -10.223248
1	 4053.712967	 -0.722209	 0.347038	 -10.216416
1	 4053.722967	 -0.729906	 -0.072172	 -10.209830
1	 4053.732967	 -0.792494	 -0.530107	 -10.189431
1	 4053.732967	 -0.936326	 -1.031192	 -10.156276
1	 4053.742967	 -1.061498	 -1.491121	 -10.126249
1	 4053.752967	 -1.165610	 -1.896161	 -10.104415
1	 4053.762967	 -1.237842	 -2.286115	 -10.078582
1	 4053.772967	 -1.261196	 -2.664271	 -10.045328
1	 4053.782967	 -1.215346	 -3.015472	 -10.016287
1	 4053.782967	 -1.104423	 -3.363318	 -9.991943
1	 4053.792967	 -0.994750	 -3.741245	 -9.963892
1	 4053.802967	 -0.944470	 -4.164180	 -9.937606
1	 4053.812967	 -0.952337	 -4.630013	 -9.915558
1	 4053.822967	 -1.012550	 -5.095653	 -9.898048
1	 4053.832967	 -1.118707	 -5.587942	 -9.876236
1	 4053.832967	 -1.183214	 -6.041524	 -9.848706
1	 4053.842967	 -1.233161	 -6.475205	 -9.814595
1	 4053.852967	 -1.246258	 -6.879582	 -9.772277
1	 4053.862967	 -1.235280	 -7.250562	 -9.717789
1	 4053.872967	 -1.216177	 -7.592134	 -9.661773
1	 4053.882967	 -1.190408	 -7.928159	 -9.606400
1	 4053.882967	 -1.140633	 -8.281525	 -9.560248
1	 4053.892967	 -1.078281	 -8.668128	 -9.519922
1	 4053.902967	 -0.981072	 -9.061988	 -9.481492
1	 4053.912967	 -0.851815	 -9.473654	 -9.436996
1	 4053.922967	 -0.733118	 -9.913759	 -9.383966
1	 4053.932967	 -0.660693	 -10.393238	 -9.314760
1	 4053.932967	 -0.629728	 -10.911173	 -9.236620
1	 4053.942967	 -0.617710	 -11.470412	 -9.152867
1	 4053.952967	 -0.594819	 -12.037554	 -9.071185
1	 4053.962967	 -0.577737	 -12.574367	 -8.993354
1	 4053.972967	 -0.536106	 -13.071399	 -8.919872
1	 4053.982967	 -0.463092	 -13.562028	 -8.850111
1	 4053.982967	 -0.355644	 -14.059667	 -8.788210
1	 4053.992967	 -0.253567	 -14.601448	 -8.727759
1	 4054.002967	 -0.197385	 -15.182046	 -8.673043
1	 4054.012967	 -0.201653	 -15.810640	 -8.620108
1	 4054.022967	 -0.278522	 -16.498044	 -8.563072
1	 4054.032967	 -0.406087	 -17.233297	 -8.509417
1	 4054.032967	 -0.586410	 -17.985320	 -8.457757
1	 4054.042967	 -0.789618	 -18.743584	 -8.400334
1	 4054.052967	 -0.960957	 -19.481085	 -8.348256
1	 4054.062967	 -1.094677	 -20.203985	 -8.294406
1	 4054.072967	 -1.198360	 -20.888384	 -8.251444
1	 4054.082967	 -1.238999	 -21.505922	 -8.215161
1	 4054.082967	 -1.245861	 -22.110142	 -8.184079
1	 4054.092967	 -1.212169	 -22.790396	 -8.143400
1	 4054.102967	 -1.174279	 -23.552326	 -8.098767
1	 4054.112967	 -1.160107	 -24.386999	 -8.046473
1	 4054.122967	 -1.162004	 -25.229485	 -7.985494
1	 4054.132967	 -1.148177	 -26.003610	 -7.919918
1	 4054.132967	 -1.126685	 -26.715850	 -7.857454
1	 4054.142967	 -1.093196	 -27.383654	 -7.784747
1	 4054.152967	 -1.031323	 -28.051887	 -7.727700
1	 4054.162967	 -0.943312	 -28.767731	 -7.676139
1	 4054.172967	 -0.810685	 -29.493730	 -7.642747
1	 4054.182967	 -0.686974	 -30.179087	 -7.620895
1	 4054.182967	 -0.640404	 -30.779716	 -7.605652
1	 4054.192967	 -0.698298	 -31.344269	 -7.581896
1	 4054.202967	 -0.788574	 -31.886700	 -7.563609
1	 4054.212967	 -0.896281	 -32.456188	 -7.541730
1	 4054.222967	 -0.962492	 -33.055627	 -7.540984
1	 4054.232967	 -0.955200	 -33.657584	 -7.535623
1	 4054.232967	 -0.897385	 -34.182797	 -7.528618
1	 4054.242967	 -0.865528	 -34.649631	 -7.502605
1	 4054.252967	 -0.869768	 -35.099908	 -7.474473
1	 4054.262967	 -0.887201	 -35.580130	 -7.440170
1	 4054.272967	 -0.868151	 -36.076219	 -7.421715
1	 4054.282967	 -0.797590	 -36.579122	 -7.402976
1	 4054.282967	 -0.679726	 -37.053824	 -7.410436
1	 4054.292967	 -0.553509	 -37.476951	 -7.411961
1	 4054.302967	 -0.418185	 -37.867642	 -7.422060
1	 4054.312967	 -0.273917	 -38.278075	 -7.433100
1	 4054.322967	 -0.143113	 -38.711497	 -7.445175
1	 4054.322967	 -0.022161	 -39.205446	 -7.449682
1	 4054.332967	 0.126796	 -39.700710	 -7.446384
1	 4054.342967	 0.298452	 -40.166626	 -7.426982
1	 4054.352967	 0.452801	 -40.586809	 -7.408920
1	 4054.362967	 0.570356	 -40.960786	 -7.394664
1	 4054.372967	 0.674873	 -41.276120	 -7.415506
1	 4054.382967	 0.780093	 -41.597344	 -7.438043
1	 4054.382967	 0.869168	 -41.977630	 -7.472473
1	 4054.392967	 0.937132	 -42.413651	 -7.503366
1	 4054.402967	 1.005114	 -42.807509	 -7.529465
1	 4054.412967	 1.066971	 -43.119942	 -7.530788
1	 4054.422967	 1.111017	 -43.368022	 -7.540677
1	 4054.422967	 1.155408	 -43.621446	 -7.540675
1	 4054.432967	 1.210725	 -43.876161	 -7.553177
1	 4054.442967	 1.260715	 -44.160252	 -7.577322
1	 4054.452967	 1.304103	 -44.503029	 -7.606811
1	 4054.462967	 1.326086	 -44.970754	 -7.617643
1	 4054.472967	 1.296597	 -45.511424	 -7.615539
1	 4054.472967	 1.261413	 -45.992518	 -7.608089
1	 4054.482967	 1.233579	 -46.329374	 -7.600931
1	 4054.492967	 1.175197	 -46.581886	 -7.584471
1	 4054.502967	 1.091159	 -46.761150	 -7.575869
1	 4054.512967	 0.999707	 -46.902827	 -7.555445
1	 4054.522967	 0.889713	 -47.033377	 -7.548553
1	 4054.522967	 0.771354	 -47.183612	 -7.531277
1	 4054.532967	 0.648054	 -47.304351	 -7.516154
1	 4054.542967	 0.524950	 -47.366345	 -7.485219
1	 4054.552967	 0.405233	 -47.364406	 -7.463290
1	 4054.562967	 0.322066	 -47.317789	 -7.445049
1	 4054.572967	 0.270317	 -47.274742	 -7.439324
1	 4054.582967	 0.250343	 -47.303810	 -7.426196
1	 4054.582967	 0.263157	 -47.359119	 -7.436565
1	 4054.592967	 0.271029	 -47.433845	 -7.438922
1	 4054.602967	 0.206473	 -47.486324	 -7.450826
1	 4054.612967	 0.075189	 -47.525799	 -7.451897
1	 4054.622967	 -0.110611	 -47.565038	 -7.447470
1	 4054.632967	 -0.308708	 -47.630089	 -7.435471
1	 4054.632967	 -0.478970	 -47.690332	 -7.426813
1	 4054.642967	 -0.581180	 -47.736066	 -7.409312
1	 4054.652967	 -0.584351	 -47.755205	 -7.412602
1	 4054.662967	 -0.544945	 -47.782822	 -7.412638
1	 4054.672967	 -0.497250	 -47.794601	 -7.430060
1	 4054.672967	 -0.462160	 -47.786718	 -7.438233
1	 4054.682967	 -0.462764	 -47.753182	 -7.449714
1	 4054.692967	 -0.488764	 -47.736247	 -7.458478
1	 4054.702967	 -0.546986	 -47.698314	 -7.469209
1	 4054.712967	 -0.628067	 -47.635247	 -7.470421
1	 4054.722967	 -0.704819	 -47.520942	 -7.486813
1	 4054.732967	 -0.777905	 -47.347362	 -7.498221
1	 4054.732967	 -0.840421	 -47.108172	 -7.519319
1	 4054.742967	 -0.898395	 -46.819103	 -7.539376
1	 4054.752967	 -0.987487	 -46.434368	 -7.551896
1	 4054.762967	 -1.106135	 -46.004688	 -7.569573
1	 4054.772967	 -1.231594	 -45.573282	 -7.590616
1	 4054.772967	 -1.326937	 -45.154629	 -7.608850
1	 4054.782967	 -1.398164	 -44.668280	 -7.642856
1	 4054.792967	 -1.466459	 -44.128801	 -7.680875
1	 4054.802967	 -1.544805	 -43.512703	 -7.735432
1	 4054.812967	 -1.597089	 -42.793348	 -7.800397
1	 4054.822967	 -1.600281	 -41.877935	 -7.883645
1	 4054.822967	 -1.546237	 -40.830068	 -7.976211
1	 4054.832967	 -1.445557	 -39.768130	 -8.080062
1	 4054.842967	 -1.350811	 -38.827319	 -8.166847
1	 4054.852967	 -1.261869	 -37.994609	 -8.244256
1	 4054.862967	 -1.171956	 -37.276575	 -8.322551
1	 4054.872967	 -1.082093	 -36.591318	 -8.404391
1	 4054.872967	 -0.956519	 -35.866917	 -8.478604
1	 4054.882967	 -0.817847	 -35.062267	 -8.546921
1	 4054.892967	 -0.686582	 -34.236720	 -8.616357
1	 4054.902967	 -0.544846	 -33.411392	 -8.691732
1	 4054.912967	 -0.387155	 -32.584444	 -8.760006
1	 4054.922967	 -0.228797	 -31.749282	 -8.804644
1	 4054.922967	 -0.079855	 -30.931896	 -8.856553
1	 4054.932967	 0.089992	 -30.120738	 -8.909793
1	 4054.942967	 0.304095	 -29.339409	 -8.947720
1	 4054.952967	 0.561891	 -28.581747	 -9.007575
1	 4054.962967	 0.875161	 -27.868109	 -9.065208
1	 4054.972967	 1.221403	 -27.187138	 -9.130776
1	 4054.972967	 1.549316	 -26.553613	 -9.172782
1	 4054.982967	 1.804730	 -25.959405	 -9.214865
1	 4054.992967	 1.953433	 -25.420827	 -9.245906
1	 4055.002967	 1.991311	 -24.925500	 -9.259658
1	 4055.012967	 1.955801	 -24.453100	 -9.271957
1	 4055.022967	 1.890823	 -23.964481	 -9.285810
1	 4055.022967	 1.813268	 -23.481039	 -9.294005
1	 4055.032967	 1.723586	 -22.990415	 -9.316750
1	 4055.042967	 1.653915	 -22.488774	 -9.332940
1	 4055.052967	 1.641589	 -21.971265	 -9.367436
1	 4055.062967	 1.670162	 -21.487760	 -9.389673
1	 4055.072967	 1.693975	 -21.063865	 -9.413961
1	 4055.072967	 1.676262	 -20.703191	 -9.411608
1	 4055.082967	 1.618314	 -20.387373	 -9.396960
1	 4055.092967	 1.534848	 -20.118230	 -9.372337
1	 4055.102967	 1.419363	 -19.861585	 -9.354133
1	 4055.112967	 1.307673	 -19.604053	 -9.328514
1	 4055.122967	 1.195758	 -19.326252	 -9.309911
1	 4055.122967	 1.102935	 -19.028567	 -9.305816
1	 4055.132967	 1.011059	 -18.693325	 -9.321248
1	 4055.142967	 0.966294	 -18.363402	 -9.334413
1	 4055.152967	 0.932050	 -18.040596	 -9.348799
1	 4055.162967	 0.902818	 -17.711526	 -9.372159
1	 4055.172967	 0.874665	 -17.366887	 -9.379180
1	 4055.172967	 0.847935	 -17.017649	 -9.389661
1	 4055.182967	 0.808727	 -16.704896	 -9.382358
1	 4055.192967	 0.736422	 -16.413429	 -9.362818
1	 4055.202967	 0.632532	 -16.117053	 -9.337164
1	 4055.212967	 0.481265	 -15.796103	 -9.312628
1	 4055.222967	 0.353098	 -15.475197	 -9.300412
1	 4055.222967	 0.276401	 -15.171815	 -9.297403
1	 4055.232967	 0.267018	 -14.844336	 -9.308375
1	 4055.242967	 0.277472	 -14.449204	 -9.316069
1	 4055.252967	 0.326059	 -14.034094	 -9.325806
1	 4055.262967	 0.333948	 -13.609134	 -9.335608
1	 4055.272967	 0.235747	 -13.157651	 -9.336573
1	 4055.272967	 0.088935	 -12.712471	 -9.333048
1	 4055.282967	 -0.114744	 -12.258886	 -9.323922
1	 4055.292967	 -0.340031	 -11.784511	 -9.324467
1	 4055.302967	 -0.576560	 -11.273917	 -9.332792
1	 4055.312967	 -0.801982	 -10.747182	 -9.359328
1	 4055.322967	 -1.002945	 -10.189968	 -9.390859
1	 4055.322967	 -1.161655	 -9.528506	 -9.427646
1	 4055.332967	 -1.277773	 -8.736009	 -9.467137
1	 4055.342967	 -1.369413	 -7.846721	 -9.519757
1	 4055.352967	 -1.387656	 -6.910920	 -9.581085
1	 4055.362967	 -1.324711	 -6.011210	 -9.671330
1	 4055.372967	 -1.266104	 -5.173645	 -9.777179
1	 4055.372967	 -1.244474	 -4.391080	 -9.877748
1	 4055.382967	 -1.259643	 -3.661791	 -9.993734
1	 4055.392967	 -1.292044	 -2.974964	 -10.110573
1	 4055.402967	 -1.322157	 -2.318932	 -10.242383
1	 4055.412967	 -1.373716	 -1.701356	 -10.376216
1	 4055.422967	 -1.493135	 -1.063658	 -10.504858
1	 4055.422967	 -1.653570	 -0.356143	 -10.632923
1	 4055.432967	 -1.800438	 0.444543	 -10.742074
1	 4055.442967	 -1.900367	 1.332160	 -10.850707
1	 4055.452967	 -1.934504	 2.256715	 -10.964561
1	 4055.462967	 -1.882657	 3.185020	 -11.063259
1	 4055.472967	 -1.778351	 4.105592	 -11.159172
1	 4055.472967	 -1.685264	 4.977092	 -11.255343
1	 4055.482967	 -1.643959	 5.819261	 -11.350793
1	 4055.492967	 -1.679536	 6.731094	 -11.475262
1	 4055.502967	 -1.755449	 7.661786	 -11.577447
1	 4055.512967	 -1.799252	 8.635501	 -11.691725
1	 4055.522967	 -1.896648	 9.645624	 -11.794676
1	 4055.522967	 -1.993130	 10.694266	 -11.915873
1	 4055.532967	 -2.063546	 11.762654	 -12.031989
1	 4055.542967	 -2.110645	 12.821375	 -12.176262
1	 4055.552967	 -2.171620	 13.824770	 -12.313868
1	 4055.562967	 -2.222805	 14.776959	 -12.466619
1	 4055.572967	 -2.285918	 15.665205	 -12.623865
1	 4055.572967	 -2.352672	 16.536740	 -12.788324
1	 4055.582967	 -2.405258	 17.346517	 -12.931160
1	 4055.592967	 -2.453792	 18.120358	 -13.047106
1	 4055.602967	 -2.538514	 18.894915	 -13.126947
1	 4055.612967	 -2.689079	 19.694565	 -13.196685
1	 4055.622967	 -2.897751	 20.523723	 -13.266970
1	 4055.622967	 -3.052135	 21.335551	 -13.350682
1	 4055.632967	 -3.150177	 22.116270	 -13.443648
1	 4055.642967	 -3.202500	 22.910578	 -13.585174
1	 4055.652967	 -3.270878	 23.771158	 -13.749791
1	 4055.662967	 -3.397001	 24.698879	 -13.933452
1	 4055.672967	 -3.526001	 25.581667	 -14.098256
1	 4055.672967	 -3.620929	 26.360685	 -14.227752
1	 4055.682967	 -3.643041	 27.027031	 -14.298263
1	 4055.692967	 -3.600553	 27.656011	 -14.334551
1	 4055.702967	 -3.514069	 28.265012	 -14.335805
1	 4055.712967	 -3.395035	 28.875604	 -14.333997
1	 4055.722967	 -3.290428	 29.477805	 -14.336419
1	 4055.722967	 -3.214541	 30.095982	 -14.362417
1	 4055.732967	 -3.164808	 30.678088	 -14.382258
1	 4055.742967	 -3.109008	 31.213072	 -14.407283
1	 4055.752967	 -3.027612	 31.722925	 -14.394881
1	 4055.762967	 -2.888574	 32.261919	 -14.380634
1	 4055.772967	 -2.718024	 32.811699	 -14.328871
1	 4055.772967	 -2.560055	 33.367658	 -14.275067
1	 4055.782967	 -2.426179	 33.901150	 -14.219690
1	 4055.792967	 -2.302043	 34.405519	 -14.179421
1	 4055.802967	 -2.185088	 34.859947	 -14.119861
1	 4055.812967	 -2.044497	 35.333620	 -14.082352
1	 4055.822967	 -1.945975	 35.767032	 -14.052432
1	 4055.832967	 -1.863532	 36.162121	 -14.052241
1	 4055.832967	 -1.823328	 36.514182	 -14.079902
1	 4055.842967	 -1.814102	 36.823962	 -14.133942
1	 4055.852967	 -1.844174	 37.093481	 -14.177954
1	 4055.862967	 -1.909116	 37.344579	 -14.225037
1	 4055.872967	 -1.997858	 37.566839	 -14.251395
1	 4055.882967	 -2.071880	 37.792984	 -14.279490
1	 4055.882967	 -2.136278	 38.004215	 -14.277397
1	 4055.892967	 -2.178145	 38.213662	 -14.279027
1	 4055.902967	 -2.226743	 38.411221	 -14.275224
1	 4055.912967	 -2.291581	 38.623307	 -14.296102
1	 4055.922967	 -2.389274	 38.810158	 -14.320946
1	 4055.932967	 -2.504666	 38.979052	 -14.356588
1	 4055.932967	 -2.633143	 39.107984	 -14.379438
1	 4055.942967	 -2.736845	 39.242007	 -14.400127
1	 4055.952967	 -2.827038	 39.374361	 -14.401096
1	 4055.962967	 -2.900451	 39.523889	 -14.399533
1	 4055.972967	 -2.953764	 39.653841	 -14.379852
1	 4055.982967	 -2.965272	 39.775454	 -14.355485
1	 4055.982967	 -2.967587	 39.889720	 -14.326666
1	 4055.992967	 -2.934850	 40.001535	 -14.297209
1	 4056.002967	 -2.917255	 40.094537	 -14.263308
1	 4056.012967	 -2.905246	 40.190289	 -14.249629
1	 4056.022967	 -2.911431	 40.281746	 -14.247373
1	 4056.032967	 -2.957401	 40.414163	 -14.278247
1	 4056.032967	 -3.038354	 40.556312	 -14.318141
1	 4056.042967	 -3.135858	 40.707368	 -14.373290
1	 4056.052967	 -3.240861	 40.831150	 -14.419942
1	 4056.062967	 -3.319381	 40.962369	 -14.461484
1	 4056.072967	 -3.375195	 41.086273	 -14.487466
1	 4056.082967	 -3.367878	 41.219165	 -14.501064
1	 4056.082967	 -3.335542	 41.338468	 -14.501188
1	 4056.092967	 -3.283646	 41.450741	 -14.491977
1	 4056.102967	 -3.231054	 41.521876	 -14.474804
1	 4056.112967	 -3.183514	 41.587740	 -14.467293
1	 4056.122967	 -3.154105	 41.627229	 -14.461868
1	 4056.132967	 -3.115515	 41.644545	 -14.456015
1	 4056.132967	 -3.091074	 41.641864	 -14.447509
1	 4056.142967	 -3.065393	 41.657012	 -14.451109
1	 4056.152967	 -3.059678	 41.667742	 -14.455285
1	 4056.162967	 -3.059022	 41.668854	 -14.465363
1	 4056.172967	 -3.062166	 41.639868	 -14.473602
1	 4056.182967	 -3.058931	 41.594824	 -14.484002
1	 4056.182967	 -3.045456	 41.536053	 -14.491399
1	 4056.192967	 -3.014598	 41.474663	 -14.495578
1	 4056.202967	 -2.984141	 41.391639	 -14.486969
1	 4056.212967	 -2.933628	 41.304110	 -14.458860
1	 4056.222967	 -2.868254	 41.186221	 -14.412385
1	 4056.232967	 -2.773408	 41.062611	 -14.349066
1	 4056.232967	 -2.649934	 40.891778	 -14.254408
1	 4056.242967	 -2.505401	 40.732512	 -14.162125
1	 4056.252967	 -2.379869	 40.553708	 -14.074741
1	 4056.262967	 -2.236334	 40.354864	 -13.988224
1	 4056.272967	 -2.074574	 40.106098	 -13.890435
1	 4056.272967	 -1.893295	 39.845931	 -13.792357
1	 4056.282967	 -1.728625	 39.560504	 -13.695416
1	 4056.292967	 -1.586386	 39.256351	 -13.601740
1	 4056.302967	 -1.468160	 38.910607	 -13.517404
1	 4056.312967	 -1.328199	 38.561045	 -13.449093
1	 4056.322967	 -1.172537	 38.187525	 -13.376475
1	 4056.332967	 -1.011917	 37.797474	 -13.294543
1	 4056.332967	 -0.849694	 37.376443	 -13.192150
1	 4056.342967	 -0.697446	 36.942504	 -13.091222
1	 4056.352967	 -0.606882	 36.513011	 -12.995797
1	 4056.362967	 -0.554444	 36.140295	 -12.900695
1	 4056.372967	 -0.529622	 35.786734	 -12.812768
1	 4056.372967	 -0.502150	 35.453629	 -12.735093
1	 4056.382967	 -0.456154	 35.099923	 -12.650658
1	 4056.392967	 -0.379626	 34.708635	 -12.559436
1	 4056.402967	 -0.273148	 34.255211	 -12.447482
1	 4056.412967	 -0.121187	 33.736987	 -12.325684
1	 4056.422967	 0.080170	 33.119784	 -12.181544
1	 4056.432967	 0.251334	 32.453777	 -12.013016
1	 4056.432967	 0.306256	 31.783464	 -11.816063
1	 4056.442967	 0.278237	 31.128420	 -11.620824
1	 4056.452967	 0.198407	 30.487167	 -11.438355
1	 4056.462967	 0.120486	 29.895430	 -11.283371
1	 4056.472967	 0.064579	 29.348119	 -11.149534
1	 4056.472967	 0.057654	 28.836044	 -11.020141
1	 4056.482967	 0.094667	 28.314329	 -10.882253
1	 4056.492967	 0.192812	 27.767093	 -10.731587
1	 4056.502967	 0.296916	 27.169390	 -10.571993
1	 4056.512967	 0.323871	 26.547927	 -10.419572
1	 4056.522967	 0.235391	 25.886375	 -10.292230
1	 4056.522967	 0.028517	 25.208583	 -10.187662
1	 4056.532967	 -0.278083	 24.509119	 -10.092190
1	 4056.542967	 -0.611806	 23.827304	 -9.994816
1	 4056.552967	 -0.924353	 23.160539	 -9.888569
1	 4056.562967	 -1.173615	 22.531280	 -9.780525
1	 4056.572967	 -1.376589	 21.934169	 -9.683814
1	 4056.572967	 -1.518010	 21.355702	 -9.591331
1	 4056.582967	 -1.627948	 20.766705	 -9.498808
1	 4056.592967	 -1.761458	 20.153930	 -9.418210
1	 4056.602967	 -1.959549	 19.509246	 -9.346466
1	 4056.612967	 -2.184650	 18.850467	 -9.281229
1	 4056.622967	 -2.436549	 18.176582	 -9.224844
1	 4056.622967	 -2.691401	 17.472673	 -9.152868
1	 4056.632967	 -2.993645	 16.700264	 -9.068039
1	 4056.642967	 -3.328180	 15.865159	 -8.972687
1	 4056.652967	 -3.660316	 14.995446	 -8.871425
1	 4056.662967	 -3.966917	 14.140218	 -8.774427
1	 4056.672967	 -4.242278	 13.307981	 -8.674892
1	 4056.672967	 -4.489760	 12.498649	 -8.570063
1	 4056.682967	 -4.682613	 11.706674	 -8.465690
1	 4056.692967	 -4.836190	 10.942220	 -8.352450
1	 4056.702967	 -5.006115	 10.192015	 -8.239197
1	 4056.712967	 -5.207623	 9.427621	 -8.124446
1	 4056.722967	 -5.461783	 8.623415	 -8.005387
1	 4056.722967	 -5.755281	 7.781104	 -7.891156
1	 4056.732967	 -6.052926	 6.935186	 -7.779955
1	 4056.742967	 -6.311856	 6.109705	 -7.672370
1	 4056.752967	 -6.501605	 5.303296	 -7.562018
1	 4056.762967	 -6.656594	 4.540971	 -7.460931
1	 4056.772967	 -6.787705	 3.843377	 -7.366208
1	 4056.772967	 -6.891930	 3.248361	 -7.284705
1	 4056.782967	 -6.932034	 2.825777	 -7.219641
1	 4056.792967	 -6.921758	 2.522347	 -7.161074
1	 4056.802967	 -6.909778	 2.297297	 -7.110307
1	 4056.812967	 -6.901553	 2.099664	 -7.054571
1	 4056.822967	 -6.888306	 1.912042	 -6.993233
1	 4056.822967	 -6.871060	 1.684624	 -6.918905
1	 4056.832967	 -6.825316	 1.459055	 -6.831033
1	 4056.842967	 -6.772293	 1.235259	 -6.737766
1	 4056.852967	 -6.726858	 1.056150	 -6.656826
1	 4056.862967	 -6.711050	 0.896751	 -6.588706
1	 4056.872967	 -6.726155	 0.764690	 -6.530294
1	 4056.872967	 -6.765478	 0.631064	 -6.475111
1	 4056.882967	 -6.806205	 0.508147	 -6.433540
1	 4056.892967	 -6.854338	 0.399889	 -6.413296
1	 4056.902967	 -6.873464	 0.344856	 -6.413642
1	 4056.912967	 -6.870647	 0.316435	 -6.419022
1	 4056.922967	 -6.870065	 0.304456	 -6.425816
1	 4056.922967	 -6.885267	 0.290501	 -6.432004
1	 4056.932967	 -6.915950	 0.291518	 -6.445747
1	 4056.942967	 -6.983043	 0.273621	 -6.455691
1	 4056.952967	 -7.061100	 0.246949	 -6.466027
1	 4056.962967	 -7.142025	 0.203175	 -6.472846
1	 4056.972967	 -7.220034	 0.181816	 -6.482294
1	 4056.972967	 -7.295152	 0.157991	 -6.490188
1	 4056.982967	 -7.358143	 0.149743	 -6.498750
1	 4056.992967	 -7.406251	 0.150587	 -6.506382
1	 4057.002967	 -7.422685	 0.163983	 -6.506231
1	 4057.012967	 -7.417157	 0.161923	 -6.497871
1	 4057.022967	 -7.396737	 0.177016	 -6.485094
1	 4057.022967	 -7.382346	 0.208006	 -6.474645
1	 4057.032967	 -7.371933	 0.264949	 -6.469622
1	 4057.042967	 -7.371391	 0.301569	 -6.458193
1	 4057.052967	 -7.370213	 0.333191	 -6.452873
1	 4057.062967	 -7.369536	 0.345265	 -6.445507
1	 4057.072967	 -7.360629	 0.358894	 -6.436239
1	 4057.072967	 -7.350154	 0.376812	 -6.430801
1	 4057.082967	 -7.344378	 0.392155	 -6.436610
1	 4057.092967	 -7.353097	 0.387729	 -6.440308
1	 4057.102967	 -7.370980	 0.382224	 -6.452488
1	 4057.113600	 -7.393878	 0.376340	 -6.463008
1	 4057.122967	 -7.416925	 0.379566	 -6.476071
1	 4057.122967	 -7.451219	 0.373121	 -6.485576
1	 4057.132967	 -7.477258	 0.386114	 -6.495412
1	 4057.142967	 -7.492486	 0.400220	 -6.501027
1	 4057.152967	 -7.503519	 0.433982	 -6.508578
1	 4057.162967	 -7.515405	 0.475938	 -6.518987
1	 4057.172967	 -7.534098	 0.535557	 -6.533648
1	 4057.172967	 -7.549246	 0.589786	 -6.548588
1	 4057.182967	 -7.542451	 0.667486	 -6.563703
1	 4057.192967	 -7.522844	 0.736685	 -6.570409
1	 4057.202967	 -7.510223	 0.797226	 -6.577749
1	 4057.212967	 -7.498962	 0.850037	 -6.583262
1	 4057.222967	 -7.471297	 0.907508	 -6.594880
1	 4057.222967	 -7.418106	 0.958309	 -6.605860
1	 4057.232967	 -7.345019	 1.013556	 -6.618604
1	 4057.242967	 -7.289726	 1.043377	 -6.626633
1	 4057.252967	 -7.262278	 1.071638	 -6.639382
1	 4057.262967	 -7.244360	 1.092672	 -6.660189
1	 4057.272967	 -7.225657	 1.132119	 -6.690316
1	 4057.272967	 -7.217519	 1.167198	 -6.732202
1	 4057.282967	 -7.224887	 1.219045	 -6.786380
1	 4057.292967	 -7.258324	 1.261916	 -6.848286
1	 4057.302967	 -7.305512	 1.309501	 -6.918606
1	 4057.312967	 -7.339527	 1.338250	 -6.985652
1	 4057.322967	 -7.316448	 1.372869	 -7.050092
1	 4057.322967	 -7.226600	 1.399033	 -7.104399
1	 4057.332967	 -7.095766	 1.419039	 -7.144606
1	 4057.342967	 -6.962186	 1.404502	 -7.165371
1	 4057.352967	 -6.816942	 1.399261	 -7.187570
1	 4057.362967	 -6.642430	 1.416303	 -7.212200
1	 4057.372967	 -6.420909	 1.480135	 -7.237720
1	 4057.372967	 -6.133063	 1.545704	 -7.257221
1	 4057.382967	 -5.767109	 1.616347	 -7.237952
1	 4057.392967	 -5.583995	 1.564814	 -7.144267
1	 4057.402967	 -5.473586	 1.516597	 -7.057604
1	 4057.412967	 -5.298184	 1.628109	 -6.939470
1	 4057.422967	 -5.018128	 1.901367	 -6.763977
1	 4057.422967	 -4.698420	 2.187248	 -6.552174
1	 4057.432967	 -4.355743	 2.440820	 -6.358626
1	 4057.443600	 -4.011087	 2.585658	 -6.209817
1	 4057.452967	 -3.629359	 2.656263	 -6.112577
1	 4057.462967	 -3.161569	 2.654806	 -6.043589
1	 4057.472967	 -2.601465	 2.582141	 -6.015610
1	 4057.472967	 -1.896384	 2.452504	 -6.061011
1	 4057.482967	 -0.989182	 2.323910	 -6.205352
1	 4057.492967	 -0.191874	 2.216566	 -6.283901
1	 4057.502967	 0.567053	 2.152842	 -6.352721
1	 4057.512967	 1.234256	 2.107197	 -6.403039
1	 4057.522967	 1.837179	 2.083795	 -6.453814
1	 4057.522967	 2.355779	 2.059467	 -6.495110
1	 4057.532967	 2.826973	 2.055580	 -6.532162
1	 4057.542967	 3.285577	 2.063709	 -6.566010
1	 4057.553600	 3.753357	 2.074913	 -6.592599
1	 4057.562967	 4.228072	 2.073627	 -6.609467
1	 4057.572967	 4.666052	 2.082489	 -6.620777
1	 4057.572967	 5.069336	 2.093684	 -6.616438
1	 4057.582967	 5.436576	 2.105059	 -6.617081
1	 4057.593600	 5.749769	 2.096977	 -6.622887
1	 4057.602967	 6.022067	 2.056371	 -6.645240
1	 4057.612967	 6.262086	 1.972829	 -6.681736
1	 4057.622967	 6.469988	 1.882211	 -6.727579
1	 4057.622967	 6.660492	 1.786361	 -6.773316
1	 4057.632967	 6.849709	 1.693667	 -6.816503
1	 4057.642967	 7.036120	 1.588019	 -6.850808
1	 4057.652967	 7.233375	 1.482603	 -6.884016
1	 4057.662967	 7.442013	 1.374670	 -6.910530
1	 4057.672967	 7.665575	 1.285621	 -6.930828
1	 4057.682967	 7.849979	 1.208265	 -6.948985
1	 4057.682967	 8.015243	 1.165529	 -6.965995
1	 4057.692967	 8.163309	 1.130799	 -6.978186
1	 4057.702967	 8.301034	 1.111649	 -6.987789
1	 4057.712967	 8.436487	 1.084768	 -6.989374
1	 4057.722967	 8.579550	 1.067048	 -6.990448
1	 4057.732967	 8.742009	 1.034240	 -6.993052
1	 4057.732967	 8.918462	 0.995478	 -7.007455
1	 4057.743600	 9.084280	 0.960580	 -7.014965
1	 4057.752967	 9.226302	 0.940252	 -7.019398
1	 4057.762967	 9.342357	 0.910063	 -7.025260
1	 4057.772967	 9.442755	 0.878393	 -7.026378
1	 4057.782967	 9.548209	 0.839000	 -7.027377
1	 4057.782967	 9.676404	 0.798807	 -7.026907
1	 4057.793600	 9.843945	 0.750330	 -7.026251
1	 4057.803600	 10.041812	 0.703982	 -7.028262
1	 4057.813600	 10.249187	 0.657114	 -7.016493
1	 4057.822967	 10.460830	 0.635557	 -7.005728
1	 4057.832967	 10.676792	 0.614965	 -6.994841
1	 4057.832967	 10.898110	 0.608933	 -6.990155
1	 4057.843600	 11.145049	 0.604537	 -6.987787
1	 4057.853600	 11.367702	 0.612496	 -6.989314
1	 4057.862967	 11.589540	 0.619544	 -6.987599
1	 4057.872967	 11.838408	 0.639257	 -6.990469
1	 4057.882967	 12.091892	 0.648684	 -6.992964
1	 4057.882967	 12.381833	 0.662371	 -7.004359
1	 4057.892967	 12.718822	 0.681999	 -7.018989
1	 4057.902967	 13.068462	 0.717086	 -7.039314
1	 4057.912967	 13.410559	 0.749600	 -7.046143
1	 4057.922967	 13.743624	 0.798545	 -7.057247
1	 4057.922967	 14.048743	 0.848718	 -7.056681
1	 4057.932967	 14.365843	 0.902661	 -7.056916
1	 4057.942967	 14.683603	 0.958772	 -7.056507
1	 4057.952967	 15.029968	 1.023112	 -7.059257
1	 4057.962967	 15.420967	 1.077277	 -7.059700
1	 4057.962967	 15.820918	 1.135880	 -7.065132
1	 4057.972967	 16.210494	 1.186940	 -7.062706
1	 4057.982967	 16.586767	 1.241628	 -7.060169
1	 4057.992967	 16.964215	 1.287623	 -7.057104
1	 4058.002967	 17.381374	 1.350831	 -7.054552
1	 4058.012967	 17.835803	 1.412594	 -7.043874
1	 4058.012967	 18.321847	 1.475463	 -7.037425
1	 4058.032967	 18.868326	 1.529846	 -7.034374
1	 4058.032967	 19.456181	 1.606060	 -7.034584
1	 4058.042967	 20.083323	 1.685605	 -7.022387
1	 4058.052967	 20.759155	 1.767257	 -7.003727
1	 4058.062967	 21.507081	 1.831096	 -6.964950
1	 4058.072967	 22.326130	 1.897749	 -6.928575
1	 4058.072967	 23.211959	 1.956690	 -6.890773
1	 4058.082967	 24.162282	 2.020158	 -6.862569
1	 4058.092967	 25.164585	 2.086512	 -6.844708
1	 4058.102967	 26.203304	 2.168789	 -6.823638
1	 4058.112967	 27.260870	 2.266739	 -6.798904
1	 4058.122967	 28.367058	 2.371460	 -6.777759
1	 4058.122967	 29.528763	 2.450650	 -6.733962
1	 4058.132967	 30.752843	 2.483863	 -6.656465
1	 4058.142967	 31.989218	 2.454503	 -6.570102
1	 4058.152967	 33.107304	 2.444453	 -6.521254
1	 4058.163600	 34.136376	 2.430351	 -6.450861
1	 4058.172967	 35.134520	 2.415287	 -6.395422
1	 4058.172967	 36.125846	 2.392286	 -6.339372
1	 4058.182967	 37.152690	 2.399052	 -6.298451
1	 4058.192967	 38.215193	 2.414205	 -6.243843
1	 4058.202967	 39.283446	 2.442790	 -6.200886
1	 4058.212967	 40.351230	 2.479395	 -6.151902
1	 4058.222967	 41.414598	 2.521544	 -6.114477
1	 4058.232967	 42.466596	 2.559383	 -6.075771
1	 4058.232967	 43.525270	 2.604309	 -6.057538
1	 4058.242967	 44.593996	 2.637206	 -6.031712
1	 4058.252967	 45.661459	 2.672461	 -6.021196
1	 4058.262967	 46.699170	 2.690281	 -6.004228
1	 4058.272967	 47.677149	 2.720973	 -5.992464
1	 4058.282967	 48.616752	 2.747377	 -5.980522
1	 4058.282967	 49.570718	 2.799321	 -5.992821
1	 4058.292967	 50.555532	 2.851254	 -5.996027
1	 4058.302967	 51.599138	 2.917055	 -6.015848
1	 4058.312967	 52.672394	 2.973443	 -6.018806
1	 4058.323600	 53.752772	 3.043616	 -6.040865
1	 4058.323600	 54.760453	 3.106168	 -6.033160
1	 4058.332967	 55.651055	 3.172444	 -6.018066
1	 4058.342967	 56.406800	 3.232139	 -5.988166
1	 4058.352967	 57.065926	 3.302711	 -5.961072
1	 4058.362967	 57.684815	 3.360482	 -5.920041
1	 4058.372967	 58.290587	 3.432153	 -5.883008
1	 4058.372967	 58.893643	 3.493424	 -5.838216
1	 4058.382967	 59.492818	 3.572452	 -5.806043
1	 4058.392967	 60.091355	 3.647708	 -5.771026
1	 4058.402967	 60.694755	 3.740098	 -5.755050
1	 4058.413600	 61.303039	 3.814694	 -5.731521
1	 4058.422967	 61.919254	 3.901033	 -5.727489
1	 4058.422967	 62.537654	 3.980211	 -5.716322
1	 4058.432967	 63.136706	 4.066545	 -5.725359
1	 4058.442967	 63.684948	 4.124570	 -5.722583
1	 4058.452967	 64.191445	 4.182578	 -5.738893
1	 4058.463600	 64.661629	 4.218880	 -5.737820
1	 4058.472967	 65.124512	 4.261138	 -5.742803
1	 4058.472967	 65.582941	 4.294404	 -5.736181
1	 4058.482967	 66.031010	 4.346346	 -5.726531
1	 4058.492967	 66.447169	 4.391993	 -5.704295
1	 4058.502967	 66.828474	 4.434394	 -5.691478
1	 4058.513600	 67.171468	 4.482601	 -5.674272
1	 4058.522967	 67.496574	 4.546613	 -5.666764
1	 4058.522967	 67.823047	 4.602653	 -5.655707
1	 4058.533600	 68.183972	 4.660160	 -5.658801
1	 4058.543600	 68.551143	 4.722933	 -5.655128
1	 4058.552967	 68.921274	 4.791258	 -5.650488
1	 4058.563600	 69.287694	 4.850894	 -5.636180
1	 4058.573600	 69.630227	 4.923534	 -5.620047
1	 4058.573600	 69.958970	 4.990921	 -5.601787
1	 4058.583600	 70.243557	 5.059231	 -5.588857
1	 4058.593600	 70.465274	 5.120583	 -5.571514
1	 4058.603600	 70.613932	 5.175063	 -5.563540
1	 4058.613600	 70.705281	 5.208107	 -5.557871
1	 4058.623600	 70.734378	 5.234557	 -5.574657
1	 4058.623600	 70.724751	 5.251667	 -5.596419
1	 4058.632967	 70.649659	 5.292813	 -5.631163
1	 4058.642967	 70.528516	 5.340463	 -5.675181
1	 4058.652967	 70.347006	 5.386121	 -5.723904
1	 4058.662967	 70.135555	 5.427648	 -5.772364
1	 4058.672967	 69.886903	 5.479199	 -5.818941
1	 4058.672967	 69.619324	 5.544751	 -5.879536
1	 4058.682967	 69.284069	 5.642565	 -5.951700
1	 4058.692967	 68.892894	 5.716570	 -6.004100
1	 4058.702967	 68.423601	 5.792773	 -6.079029
1	 4058.712967	 67.865652	 5.849657	 -6.172948
1	 4058.723600	 67.334654	 5.917271	 -6.247165
1	 4058.723600	 66.871002	 5.956099	 -6.301050
1	 4058.733600	 66.423734	 5.968271	 -6.346762
1	 4058.743600	 65.985581	 5.931185	 -6.353858
1	 4058.753600	 65.504362	 5.897312	 -6.347919
1	 4058.762967	 65.012883	 5.849178	 -6.318739
1	 4058.773600	 64.502297	 5.794278	 -6.283960
1	 4058.773600	 63.991371	 5.713130	 -6.243212
1	 4058.782967	 63.472883	 5.610486	 -6.210471
1	 4058.793600	 62.956363	 5.459723	 -6.166057
1	 4058.802967	 62.448046	 5.287598	 -6.110357
1	 4058.812967	 61.976683	 5.133363	 -6.041641
1	 4058.823600	 61.546006	 4.996594	 -5.958341
1	 4058.823600	 61.151959	 4.879955	 -5.878167
1	 4058.833600	 60.760758	 4.757788	 -5.798947
1	 4058.843600	 60.360101	 4.633436	 -5.736846
1	 4058.853600	 59.933747	 4.501336	 -5.685186
1	 4058.862967	 59.493125	 4.385220	 -5.634759
1	 4058.873600	 59.035385	 4.294172	 -5.588227
1	 4058.873600	 58.586531	 4.215658	 -5.537671
1	 4058.882967	 58.148034	 4.171588	 -5.496446
1	 4058.893600	 57.725989	 4.126090	 -5.450212
1	 4058.903600	 57.309684	 4.080242	 -5.421472
1	 4058.912967	 56.892693	 4.017177	 -5.393730
1	 4058.923600	 56.433146	 3.949255	 -5.369051
1	 4058.923600	 55.956144	 3.877098	 -5.345111
1	 4058.933600	 55.462898	 3.801303	 -5.321819
1	 4058.943600	 54.974320	 3.735506	 -5.300475
1	 4058.953600	 54.492338	 3.685762	 -5.277984
1	 4058.962967	 54.022499	 3.643373	 -5.244366
1	 4058.973600	 53.530999	 3.595626	 -5.214736
1	 4058.973600	 53.006504	 3.539062	 -5.188419
1	 4058.983600	 52.427032	 3.480996	 -5.171966
1	 4058.993600	 51.806641	 3.414934	 -5.149870
1	 4059.003600	 51.100999	 3.344554	 -5.131892
1	 4059.013600	 50.349963	 3.260784	 -5.105688
1	 4059.023600	 49.571594	 3.200433	 -5.089021
1	 4059.023600	 48.805849	 3.146992	 -5.056952
1	 4059.033600	 48.044139	 3.090228	 -5.029468
1	 4059.043600	 47.303686	 3.037762	 -5.008488
1	 4059.053600	 46.543838	 2.980537	 -4.997414
1	 4059.063600	 45.746326	 2.913012	 -4.988443
1	 4059.073600	 44.890764	 2.835714	 -4.977956
1	 4059.073600	 44.020087	 2.746846	 -4.965637
1	 4059.083600	 43.116497	 2.659396	 -4.953604
1	 4059.093600	 42.182262	 2.573355	 -4.938008
1	 4059.103600	 41.193037	 2.485544	 -4.928714
1	 4059.112967	 40.130757	 2.384027	 -4.920376
1	 4059.123600	 38.966172	 2.267613	 -4.922222
1	 4059.123600	 37.746842	 2.140254	 -4.897889
1	 4059.133600	 36.521441	 2.014387	 -4.887257
1	 4059.143600	 35.322921	 1.895662	 -4.885777
1	 4059.153600	 34.107749	 1.800658	 -4.888615
1	 4059.163600	 32.926140	 1.709131	 -4.883246
1	 4059.173600	 31.756892	 1.642191	 -4.869729
1	 4059.173600	 30.609887	 1.584517	 -4.857398
1	 4059.183600	 29.490604	 1.542422	 -4.849841
1	 4059.193600	 28.440604	 1.488168	 -4.845760
1	 4059.203600	 27.460741	 1.433568	 -4.823117
1	 4059.212967	 26.560446	 1.375016	 -4.807285
1	 4059.223600	 25.688196	 1.322287	 -4.799782
1	 4059.223600	 24.813577	 1.264149	 -4.775056
1	 4059.233600	 23.930090	 1.213631	 -4.761247
1	 4059.243600	 23.037731	 1.165383	 -4.742429
1	 4059.253600	 22.161051	 1.114989	 -4.721444
1	 4059.263600	 21.320805	 1.077412	 -4.715242
1	 4059.273600	 20.515685	 1.045426	 -4.701005
1	 4059.273600	 19.741594	 1.026566	 -4.686450
1	 4059.283600	 18.963339	 1.035183	 -4.683524
1	 4059.293600	 18.143569	 1.034675	 -4.678138
1	 4059.303600	 17.198741	 1.012685	 -4.700864
1	 4059.313600	 16.170652	 0.953786	 -4.710914
1	 4059.323600	 15.076680	 0.874119	 -4.732135
1	 4059.323600	 13.995739	 0.776866	 -4.752131
1	 4059.333600	 12.974665	 0.685164	 -4.779880
1	 4059.343600	 12.014989	 0.619571	 -4.779134
1	 4059.353600	 11.171523	 0.562545	 -4.766222
1	 4059.363600	 10.425079	 0.514106	 -4.752620
1	 4059.372967	 9.748554	 0.474757	 -4.731323
1	 4059.372967	 9.086503	 0.442818	 -4.702823
1	 4059.383600	 8.383071	 0.406366	 -4.667750
1	 4059.393600	 7.671422	 0.365465	 -4.625124
1	 4059.403600	 6.979633	 0.338616	 -4.592162
1	 4059.413600	 6.295014	 0.335419	 -4.570107
1	 4059.423600	 5.608079	 0.346524	 -4.551307
1	 4059.423600	 4.965812	 0.337405	 -4.517893
1	 4059.433600	 4.360635	 0.325684	 -4.491095
1	 4059.443600	 3.805915	 0.304307	 -4.469621
1	 4059.453600	 3.293233	 0.276370	 -4.457110
1	 4059.463600	 2.809248	 0.235509	 -4.437065
1	 4059.473600	 2.330254	 0.196938	 -4.418446
1	 4059.473600	 1.839702	 0.163548	 -4.395941
1	 4059.483600	 1.304145	 0.143948	 -4.376946
1	 4059.493600	 0.746179	 0.117005	 -4.363112
1	 4059.503600	 0.164016	 0.099103	 -4.364533
1	 4059.513600	 -0.452819	 0.077083	 -4.363127
1	 4059.523600	 -1.109122	 0.042435	 -4.355875
1	 4059.523600	 -1.776376	 -0.007446	 -4.337596
1	 4059.533600	 -2.464286	 -0.070978	 -4.302048
1	 4059.543600	 -3.200207	 -0.151463	 -4.203928
1	 4059.553600	 -4.019865	 -0.234613	 -4.092420
1	 4059.563600	 -4.892076	 -0.286334	 -3.999471
1	 4059.573600	 -5.738687	 -0.284173	 -3.932909
1	 4059.573600	 -6.601265	 -0.288880	 -3.886604
1	 4059.583600	 -7.504012	 -0.314094	 -3.849341
1	 4059.593600	 -8.450592	 -0.334179	 -3.804212
1	 4059.603600	 -9.449153	 -0.329017	 -3.749309
1	 4059.613600	 -10.472924	 -0.325174	 -3.676370
1	 4059.623600	 -11.526680	 -0.317343	 -3.585438
1	 4059.623600	 -12.634261	 -0.323553	 -3.485121
1	 4059.633600	 -13.809291	 -0.336676	 -3.382706
1	 4059.653600	 -15.064046	 -0.372979	 -3.278944
1	 4059.653600	 -16.400051	 -0.420335	 -3.182622
1	 4059.663600	 -17.741441	 -0.464430	 -3.089232
1	 4059.673600	 -19.101896	 -0.498353	 -3.005690
1	 4059.673600	 -20.487463	 -0.524230	 -2.912619
1	 4059.682967	 -21.914047	 -0.538798	 -2.814500
1	 4059.693600	 -23.422270	 -0.566998	 -2.715232
1	 4059.703600	 -25.020076	 -0.608040	 -2.598891
1	 4059.713600	 -26.666214	 -0.672088	 -2.469782
1	 4059.723600	 -28.303009	 -0.741125	 -2.342220
1	 4059.733600	 -29.882140	 -0.802297	 -2.222157
1	 4059.733600	 -31.383878	 -0.804291	 -2.101970
1	 4059.743600	 -32.862120	 -0.790999	 -1.984359
1	 4059.753600	 -34.355209	 -0.716296	 -1.850800
1	 4059.763600	 -35.895853	 -0.635505	 -1.717297
1	 4059.773600	 -37.501943	 -0.541826	 -1.577027
1	 4059.783600	 -39.120657	 -0.480278	 -1.449212
1	 4059.783600	 -40.751690	 -0.435384	 -1.329173
1	 4059.793600	 -42.328102	 -0.395097	 -1.212939
1	 4059.803600	 -43.879208	 -0.353770	 -1.107239
1	 4059.813600	 -45.417464	 -0.340939	 -0.997992
1	 4059.823600	 -46.946996	 -0.304948	 -0.880096
1	 4059.833600	 -48.403682	 -0.267840	 -0.783879
1	 4059.833600	 -49.793694	 -0.204801	 -0.699804
1	 4059.843600	 -51.120446	 -0.145990	 -0.615773
1	 4059.853600	 -52.416227	 -0.073218	 -0.527175
1	 4059.863600	 -53.687577	 -0.027354	 -0.449707
1	 4059.873600	 -54.966456	 0.001507	 -0.368291
1	 4059.873600	 -56.242230	 0.002899	 -0.291040
1	 4059.883600	 -57.498870	 0.016677	 -0.209123
1	 4059.893600	 -58.696907	 0.019977	 -0.144578
1	 4059.903600	 -59.830259	 0.040255	 -0.080020
1	 4059.913600	 -60.909891	 0.035092	 -0.026145
1	 4059.923600	 -61.958521	 0.064134	 0.041340
1	 4059.923600	 -62.972647	 0.076654	 0.090167
1	 4059.932967	 -63.959848	 0.105855	 0.141095
1	 4059.943600	 -64.914378	 0.117063	 0.194690
1	 4059.953600	 -65.813272	 0.145086	 0.253009
1	 4059.963600	 -66.648929	 0.161363	 0.304510
1	 4059.973600	 -67.440392	 0.205560	 0.356429
1	 4059.973600	 -68.235922	 0.231566	 0.404021
1	 4059.983600	 -69.086218	 0.281180	 0.472207
1	 4059.993600	 -69.951713	 0.319649	 0.522475
1	 4060.003600	 -70.831110	 0.374625	 0.587367
1	 4060.013600	 -71.699023	 0.410809	 0.633996
1	 4060.023600	 -72.561911	 0.461239	 0.689379
1	 4060.023600	 -73.436609	 0.489484	 0.736544
1	 4060.033600	 -74.362204	 0.522632	 0.790371
1	 4060.043600	 -75.316774	 0.555547	 0.827370
1	 4060.053600	 -76.300206	 0.609476	 0.871514
1	 4060.063600	 -77.277851	 0.651369	 0.895757
1	 4060.073600	 -78.263291	 0.703676	 0.923202
1	 4060.073600	 -79.245269	 0.752525	 0.926917
1	 4060.083600	 -80.234604	 0.832956	 0.950040
1	 4060.093600	 -81.186347	 0.896301	 0.956004
1	 4060.103600	 -82.095068	 0.983245	 0.974947
1	 4060.113600	 -82.967780	 1.043541	 0.991408
1	 4060.123600	 -83.812284	 1.130426	 1.017271
1	 4060.123600	 -84.631553	 1.211317	 1.025737
1	 4060.133600	 -85.430025	 1.323312	 1.038982
1	 4060.143600	 -86.195937	 1.404675	 1.029902
1	 4060.153600	 -86.928475	 1.490014	 1.023130
1	 4060.163600	 -87.621234	 1.551850	 1.013408
1	 4060.173600	 -88.293517	 1.622673	 1.023714
1	 4060.173600	 -88.930601	 1.662364	 1.015991
1	 4060.183600	 -89.534194	 1.708537	 1.023447
1	 4060.193600	 -90.036239	 1.740569	 1.014512
1	 4060.203600	 -90.432846	 1.775302	 1.011545
1	 4060.213600	 -90.712730	 1.799234	 0.994733
1	 4060.223600	 -90.900330	 1.845294	 0.987713
1	 4060.223600	 -90.999671	 1.869639	 0.975489
1	 4060.233600	 -91.008579	 1.901270	 0.960477
1	 4060.243600	 -90.941610	 1.918790	 0.941017
1	 4060.253600	 -90.803638	 1.944643	 0.910654
1	 4060.263600	 -90.649987	 1.945484	 0.887540
1	 4060.273600	 -90.459605	 1.948161	 0.876770
1	 4060.273600	 -90.237456	 1.928246	 0.878099
1	 4060.283600	 -89.948258	 1.896618	 0.883169
1	 4060.293600	 -89.641558	 1.850909	 0.899358
1	 4060.303600	 -89.316402	 1.808198	 0.912300
1	 4060.313600	 -88.980617	 1.759610	 0.916854
1	 4060.323600	 -88.622687	 1.717901	 0.905693
1	 4060.323600	 -88.254448	 1.664783	 0.893959
1	 4060.333600	 -87.851090	 1.624262	 0.879008
1	 4060.343600	 -87.440313	 1.565811	 0.868104
1	 4060.353600	 -86.996397	 1.503844	 0.854719
1	 4060.363600	 -86.536577	 1.434827	 0.853898
1	 4060.373600	 -86.034193	 1.380006	 0.857488
1	 4060.373600	 -85.501635	 1.300314	 0.860386
1	 4060.383600	 -84.904945	 1.244450	 0.867009
1	 4060.393600	 -84.271816	 1.160213	 0.870898
1	 4060.403600	 -83.582050	 1.086037	 0.879963
1	 4060.413600	 -82.850910	 1.002077	 0.886512
1	 4060.423600	 -82.061550	 0.939712	 0.885640
1	 4060.423600	 -81.234966	 0.860818	 0.869256
1	 4060.433600	 -80.331560	 0.793815	 0.833727
1	 4060.443600	 -79.410557	 0.714097	 0.798668
1	 4060.453600	 -78.431395	 0.650017	 0.763383
1	 4060.463600	 -77.411854	 0.575819	 0.730245
1	 4060.473600	 -76.325346	 0.516422	 0.695823
1	 4060.473600	 -75.182733	 0.449880	 0.660062
1	 4060.483600	 -73.965956	 0.391680	 0.611931
1	 4060.493600	 -72.673599	 0.346724	 0.559736
1	 4060.503600	 -71.306367	 0.312551	 0.494470
1	 4060.513600	 -69.912620	 0.283303	 0.436636
1	 4060.523600	 -68.494441	 0.240721	 0.360532
1	 4060.523600	 -67.137828	 0.170037	 0.310586
1	 4060.533600	 -65.845866	 0.088326	 0.258737
1	 4060.543600	 -64.609244	 0.014050	 0.214575
1	 4060.553600	 -63.372155	 -0.052816	 0.156271
1	 4060.563600	 -62.123942	 -0.124110	 0.094628
1	 4060.573600	 -60.799483	 -0.157582	 0.022419
1	 4060.573600	 -59.460652	 -0.193530	 -0.061412
1	 4060.583600	 -58.137461	 -0.227214	 -0.149868
1	 4060.593600	 -56.902521	 -0.269118	 -0.238531
1	 4060.603600	 -55.750411	 -0.305101	 -0.332712
1	 4060.613600	 -54.668653	 -0.344059	 -0.421386
1	 4060.623600	 -53.612216	 -0.393009	 -0.530857
1	 4060.623600	 -52.549941	 -0.438389	 -0.627154
1	 4060.633600	 -51.416877	 -0.474112	 -0.742030
1	 4060.643600	 -50.205233	 -0.509609	 -0.854558
1	 4060.653600	 -48.897345	 -0.539821	 -0.983626
1	 4060.663600	 -47.529544	 -0.560437	 -1.120552
1	 4060.673600	 -46.100348	 -0.578885	 -1.287287
1	 4060.673600	 -44.654409	 -0.592708	 -1.459430
1	 4060.683600	 -43.167247	 -0.593403	 -1.651364
1	 4060.693600	 -41.660609	 -0.592034	 -1.838184
1	 4060.703600	 -40.131665	 -0.581859	 -2.035278
1	 4060.713600	 -38.583670	 -0.580317	 -2.223284
1	 4060.723600	 -37.002365	 -0.591673	 -2.427407
1	 4060.723600	 -35.371278	 -0.608752	 -2.615199
1	 4060.733600	 -33.699583	 -0.617529	 -2.817791
1	 4060.743600	 -31.984318	 -0.627030	 -3.016989
1	 4060.753600	 -30.169484	 -0.626798	 -3.236780
1	 4060.763600	 -28.269596	 -0.615376	 -3.463552
1	 4060.773600	 -26.316207	 -0.570155	 -3.704464
1	 4060.773600	 -24.407992	 -0.503548	 -3.927986
1	 4060.783600	 -22.537478	 -0.414758	 -4.159541
1	 4060.793600	 -20.715120	 -0.321164	 -4.381846
1	 4060.803600	 -18.921458	 -0.225254	 -4.610051
1	 4060.813600	 -17.131434	 -0.129910	 -4.823176
1	 4060.823600	 -15.341437	 -0.046614	 -5.054489
1	 4060.823600	 -13.607617	 0.035759	 -5.250542
1	 4060.833600	 -11.933417	 0.110098	 -5.436064
1	 4060.843600	 -10.339248	 0.198905	 -5.590706
1	 4060.853600	 -8.844513	 0.270747	 -5.745098
1	 4060.863600	 -7.430286	 0.329982	 -5.868787
1	 4060.873600	 -6.100704	 0.378404	 -6.005781
1	 4060.873600	 -4.879593	 0.417886	 -6.112083
1	 4060.883600	 -3.775928	 0.434048	 -6.210088
1	 4060.893600	 -2.784914	 0.450201	 -6.299716
1	 4060.903600	 -1.933902	 0.451413	 -6.411107
1	 4060.913600	 -1.214148	 0.449877	 -6.498603
1	 4060.923600	 -0.612102	 0.416049	 -6.592199
1	 4060.923600	 -0.081261	 0.387813	 -6.659474
1	 4060.933600	 0.387124	 0.346366	 -6.724435
1	 4060.943600	 0.806387	 0.309733	 -6.766822
1	 4060.953600	 1.172981	 0.265687	 -6.807383
1	 4060.963600	 1.500148	 0.234959	 -6.836714
1	 4060.973600	 1.780283	 0.188363	 -6.875322
1	 4060.973600	 2.029143	 0.156397	 -6.889688
1	 4060.983600	 2.252413	 0.121215	 -6.910094
1	 4060.993600	 2.458687	 0.093389	 -6.920516
1	 4061.003600	 2.621401	 0.047601	 -6.942801
1	 4061.013600	 2.749244	 0.009339	 -6.957283
1	 4061.023600	 2.827421	 -0.053604	 -6.989609
1	 4061.023600	 2.856041	 -0.103913	 -6.999684
1	 4061.033600	 2.843493	 -0.164850	 -7.008998
1	 4061.043600	 2.812734	 -0.215774	 -7.013815
1	 4061.053600	 2.775290	 -0.261059	 -7.030694
1	 4061.063600	 2.738250	 -0.278286	 -7.025453
1	 4061.073600	 2.696763	 -0.291693	 -7.028069
1	 4061.073600	 2.655192	 -0.293239	 -7.018748
1	 4061.083600	 2.605407	 -0.309784	 -7.021371
1	 4061.093600	 2.545106	 -0.319247	 -7.012981
1	 4061.103600	 2.456321	 -0.341306	 -7.016610
1	 4061.113600	 2.365961	 -0.353380	 -7.014473
1	 4061.123600	 2.275082	 -0.373066	 -7.015761
1	 4061.123600	 2.185374	 -0.390409	 -7.014008
1	 4061.133600	 2.092850	 -0.412472	 -7.015829
1	 4061.143600	 2.010761	 -0.421250	 -7.003962
1	 4061.153600	 1.927793	 -0.436899	 -7.004776
1	 4061.163600	 1.860624	 -0.418633	 -6.998382
1	 4061.173600	 1.796814	 -0.407702	 -6.997362
1	 4061.173600	 1.762685	 -0.386399	 -7.003268
1	 4061.183600	 1.721627	 -0.381779	 -7.020683
1	 4061.193600	 1.659391	 -0.395976	 -7.041474
1	 4061.203600	 1.578544	 -0.413791	 -7.075040
1	 4061.213600	 1.468695	 -0.420922	 -7.118303
1	 4061.223600	 1.233709	 -0.401836	 -7.194887
1	 4061.223600	 0.833822	 -0.327561	 -7.326800
1	 4061.233600	 0.236047	 -0.235765	 -7.527147
1	 4061.243600	 -0.427703	 -0.165749	 -7.743149
1	 4061.253600	 -1.004878	 -0.377791	 -7.765572
1	 4061.263600	 -1.317031	 -0.552958	 -7.689595
1	 4061.273600	 -1.521680	 -0.697587	 -7.628894
1	 4061.273600	 -1.577438	 -0.830773	 -7.568700
1	 4061.283600	 -1.611156	 -1.002372	 -7.498623
1	 4061.293600	 -1.628427	 -1.134877	 -7.425665
1	 4061.303600	 -1.620125	 -1.206236	 -7.387924
1	 4061.313600	 -1.594358	 -1.227679	 -7.382775
1	 4061.323600	 -1.609575	 -1.249959	 -7.389662
1	 4061.323600	 -1.647088	 -1.281732	 -7.373613
1	 4061.333600	 -1.686511	 -1.341665	 -7.323824
1	 4061.343600	 -1.694050	 -1.400634	 -7.235705
1	 4061.353600	 -1.660224	 -1.474711	 -7.138203
1	 4061.363600	 -1.613364	 -1.546344	 -7.053867
1	 4061.373600	 -1.618852	 -1.625367	 -7.004997
1	 4061.373600	 -1.640181	 -1.693068	 -6.963962
1	 4061.383600	 -1.655455	 -1.749227	 -6.902086
1	 4061.393600	 -1.651728	 -1.793109	 -6.829568
1	 4061.403600	 -1.641805	 -1.797671	 -6.774454
1	 4061.413600	 -1.645779	 -1.761800	 -6.749806
1	 4061.423600	 -1.658804	 -1.707126	 -6.745709
1	 4061.423600	 -1.664824	 -1.628486	 -6.752416
1	 4061.433600	 -1.650275	 -1.535578	 -6.785956
1	 4061.443600	 -1.600990	 -1.434316	 -6.842206
1	 4061.453600	 -1.558614	 -1.400183	 -6.895869
1	 4061.463600	 -1.565219	 -1.443960	 -6.873769
1	 4061.473600	 -1.608297	 -1.525470	 -6.830752
1	 4061.473600	 -1.648149	 -1.586178	 -6.808797
1	 4061.483600	 -1.673145	 -1.633370	 -6.803042
1	 4061.493600	 -1.672087	 -1.673044	 -6.801195
1	 4061.503600	 -1.665588	 -1.703769	 -6.813202
1	 4061.513600	 -1.657624	 -1.719093	 -6.832513
1	 4061.523600	 -1.654788	 -1.722215	 -6.854327
1	 4061.523600	 -1.639661	 -1.731303	 -6.882450
1	 4061.533600	 -1.590618	 -1.739654	 -6.911730
1	 4061.543600	 -1.563091	 -1.735589	 -6.969625
1	 4061.553600	 -1.683090	 -1.749739	 -7.071668
1	 4061.563600	 -1.897869	 -1.781935	 -7.170898
1	 4061.573600	 -2.111144	 -1.820353	 -7.272516
1	 4061.573600	 -2.306207	 -1.838553	 -7.388455
1	 4061.583600	 -2.468363	 -1.829794	 -7.530660
1	 4061.593600	 -2.616155	 -1.792349	 -7.679982
1	 4061.603600	 -2.773671	 -1.739236	 -7.817872
1	 4061.613600	 -2.898059	 -1.710323	 -7.894298
1	 4061.613600	 -2.990874	 -1.704878	 -7.928913
1	 4061.623600	 -3.056405	 -1.699716	 -7.939685
1	 4061.633600	 -3.086423	 -1.691251	 -7.954176
1	 4061.643600	 -3.080953	 -1.666087	 -7.955318
1	 4061.653600	 -3.050570	 -1.634043	 -7.941383
1	 4061.663600	 -2.996082	 -1.601148	 -7.910326
1	 4061.673600	 -2.932978	 -1.587730	 -7.884522
1	 4061.673600	 -2.845659	 -1.579788	 -7.827674
1	 4061.683600	 -2.739262	 -1.598973	 -7.752190
1	 4061.693600	 -2.615086	 -1.621469	 -7.674395
1	 4061.703600	 -2.502204	 -1.624666	 -7.623503
1	 4061.713600	 -2.417520	 -1.603548	 -7.598414
1	 4061.723600	 -2.352056	 -1.572941	 -7.595574
1	 4061.723600	 -2.275505	 -1.535756	 -7.571192
1	 4061.733600	 -2.164958	 -1.510476	 -7.529345
1	 4061.743600	 -2.008428	 -1.479390	 -7.479649
1	 4061.753600	 -1.856383	 -1.453114	 -7.434883
1	 4061.763600	 -1.729545	 -1.394314	 -7.395668
1	 4061.773600	 -1.629658	 -1.326257	 -7.360728
1	 4061.773600	 -1.537204	 -1.249147	 -7.329512
1	 4061.783600	 -1.457592	 -1.162698	 -7.303508
1	 4061.793600	 -1.369130	 -1.066927	 -7.293785
1	 4061.803600	 -1.267619	 -0.975061	 -7.286216
1	 4061.813600	 -1.167573	 -0.914726	 -7.280076
1	 4061.823600	 -1.110086	 -0.895730	 -7.246869
