DevID	 CerebusTime	 Roll	 Pitch	 Yaw
1	 1.899700	 -0.085894	 -0.026204	 2.801652
2	 1.909700	 0.453727	 -0.690329	 0.793422
1	 1.909700	 -0.083861	 -0.027400	 2.809595
2	 1.909700	 0.457756	 -0.692908	 0.793170
1	 1.919700	 -0.087975	 -0.028598	 2.810892
2	 1.919700	 0.467060	 -0.692359	 0.800394
1	 1.929700	 -0.086017	 -0.028173	 2.799025
2	 1.929700	 0.472850	 -0.694968	 0.801019
1	 1.929700	 -0.084889	 -0.029321	 2.799423
2	 1.939933	 0.485460	 -0.694594	 0.799021
1	 1.939933	 -0.088148	 -0.027951	 2.805294
2	 1.939933	 0.488643	 -0.698887	 0.798721
1	 1.949700	 -0.091424	 -0.026535	 2.804811
2	 1.949700	 0.496314	 -0.698462	 0.798677
1	 1.959700	 -0.088641	 -0.026517	 2.789861
2	 1.959700	 0.499559	 -0.701000	 0.798368
1	 1.969700	 -0.083161	 -0.025868	 2.790220
2	 1.969700	 0.506915	 -0.704046	 0.786645
1	 1.979700	 -0.082081	 -0.026180	 2.790619
2	 1.979700	 0.509289	 -0.707446	 0.786299
1	 1.979700	 -0.082721	 -0.025600	 2.791007
2	 1.989700	 0.521601	 -0.708127	 0.781880
1	 1.989700	 -0.084206	 -0.025077	 2.786214
2	 1.989700	 0.524057	 -0.710650	 0.780628
1	 1.999700	 -0.085707	 -0.025371	 2.787489
2	 1.999700	 0.530029	 -0.715141	 0.778500
1	 2.009700	 -0.080195	 -0.025742	 2.811116
2	 2.009700	 0.535089	 -0.719476	 0.776379
1	 2.019700	 -0.080832	 -0.025153	 2.812378
2	 2.019700	 0.547274	 -0.718163	 0.787600
1	 2.029700	 -0.082332	 -0.023621	 2.832232
2	 2.029700	 0.550589	 -0.722443	 0.787202
1	 2.029700	 -0.078594	 -0.023874	 2.831734
2	 2.039700	 0.552339	 -0.729367	 0.762308
1	 2.039700	 -0.077425	 -0.023282	 2.846334
2	 2.039700	 0.555650	 -0.732803	 0.762760
1	 2.049933	 -0.078919	 -0.024461	 2.846744
2	 2.049933	 0.560551	 -0.737015	 0.762704
1	 2.059700	 -0.078649	 -0.023861	 2.871917
2	 2.059700	 0.566555	 -0.739637	 0.761414
1	 2.069700	 -0.080157	 -0.024174	 2.871444
2	 2.069700	 0.572855	 -0.741404	 0.764604
1	 2.079700	 -0.082562	 -0.025231	 2.863704
2	 2.079700	 0.578022	 -0.743997	 0.762424
1	 2.079700	 -0.079699	 -0.025493	 2.863210
1	 2.089700	 -0.077698	 -0.025907	 2.877443
1	 2.099700	 -0.080080	 -0.026230	 2.876974
1	 2.109700	 -0.081531	 -0.027350	 2.877263
1	 2.119700	 -0.082151	 -0.028518	 2.877669
1	 2.129933	 -0.083577	 -0.028100	 2.896340
1	 2.129933	 -0.085077	 -0.028394	 2.897616
2	 2.139700	 0.573482	 -0.756870	 0.780121
1	 2.139700	 -0.083887	 -0.029627	 2.915307
2	 2.139700	 0.576894	 -0.759432	 0.777917
1	 2.149700	 -0.083657	 -0.029045	 2.914816
2	 2.149700	 0.588478	 -0.758982	 0.785126
1	 2.159700	 -0.083398	 -0.029440	 2.911325
2	 2.159700	 0.591881	 -0.761534	 0.784666
1	 2.169700	 -0.082283	 -0.029722	 2.910839
2	 2.169700	 0.596262	 -0.764784	 0.778026
1	 2.179700	 -0.083738	 -0.030094	 2.907963
1	 2.179700	 -0.087001	 -0.029545	 2.908363
2	 2.189933	 0.598622	 -0.769092	 0.783664
1	 2.189933	 -0.084996	 -0.028948	 2.904306
1	 2.199700	 -0.082105	 -0.031842	 2.902966
1	 2.209700	 -0.082720	 -0.029582	 2.913264
1	 2.219700	 -0.082462	 -0.030730	 2.914541
1	 2.229700	 -0.080460	 -0.030952	 2.911094
1	 2.229700	 -0.081975	 -0.030382	 2.911486
1	 2.239700	 -0.082740	 -0.029637	 2.898947
1	 2.249700	 -0.080737	 -0.030774	 2.899341
1	 2.259700	 -0.082296	 -0.031856	 2.880103
1	 2.269933	 -0.086434	 -0.031318	 2.880507
1	 2.279700	 -0.084397	 -0.031481	 2.890114
2	 2.279700	 0.591370	 -0.791606	 0.826408
1	 2.279700	 -0.083276	 -0.031745	 2.891377
1	 2.289933	 -0.084762	 -0.032843	 2.895012
1	 2.299700	 -0.085402	 -0.032263	 2.895399
1	 2.309700	 -0.085994	 -0.032516	 2.907410
1	 2.319933	 -0.086617	 -0.033694	 2.906942
2	 2.319933	 0.589753	 -0.804610	 0.844231
1	 2.329700	 -0.085504	 -0.033885	 2.897311
2	 2.329700	 0.598510	 -0.802786	 0.849432
1	 2.329700	 -0.087914	 -0.031577	 2.897688
2	 2.339933	 0.602819	 -0.804482	 0.849835
1	 2.339933	 -0.086823	 -0.032651	 2.895049
2	 2.339933	 0.604013	 -0.811674	 0.831824
1	 2.349700	 -0.085708	 -0.032933	 2.894564
2	 2.349700	 0.606574	 -0.814212	 0.830449
1	 2.359700	 -0.085445	 -0.032296	 2.895728
2	 2.359700	 0.611713	 -0.818385	 0.812868
1	 2.369933	 -0.086089	 -0.031726	 2.895242
2	 2.369933	 0.614261	 -0.821809	 0.811466
1	 2.371000	 -0.084972	 -0.031169	 2.895283
2	 2.379933	 0.618488	 -0.821417	 0.817402
1	 2.389933	 -0.086469	 -0.032357	 2.894819
2	 2.389933	 0.621867	 -0.825727	 0.816889
1	 2.389933	 -0.083650	 -0.030774	 2.893944
2	 2.389933	 0.635801	 -0.824012	 0.828941
1	 2.399933	 -0.084291	 -0.030194	 2.894331
2	 2.399933	 0.640140	 -0.827445	 0.827549
1	 2.409700	 -0.084084	 -0.030426	 2.900604
2	 2.409700	 0.646503	 -0.828791	 0.827026
1	 2.419933	 -0.084714	 -0.030720	 2.901001
2	 2.419933	 0.649123	 -0.831303	 0.825620
1	 2.429933	 -0.083584	 -0.029976	 2.894168
2	 2.429933	 0.658779	 -0.832001	 0.824089
1	 2.439933	 -0.083347	 -0.029375	 2.895426
2	 2.439933	 0.664001	 -0.835454	 0.823556
1	 2.439933	 -0.083952	 -0.029788	 2.885478
2	 2.439933	 0.667260	 -0.836686	 0.819555
1	 2.449933	 -0.083715	 -0.030090	 2.884123
2	 2.449933	 0.670795	 -0.838340	 0.818145
1	 2.459700	 -0.084372	 -0.030389	 2.899097
2	 2.459700	 0.677091	 -0.839029	 0.815778
1	 2.469933	 -0.084991	 -0.031557	 2.899504
2	 2.469933	 0.681463	 -0.842449	 0.814359
1	 2.479933	 -0.085629	 -0.030925	 2.887145
2	 2.479933	 0.693059	 -0.838608	 0.826745
1	 2.490000	 -0.085370	 -0.032072	 2.888421
2	 2.490000	 0.698319	 -0.842037	 0.826197
1	 2.490000	 -0.085995	 -0.032405	 2.878482
2	 2.490000	 0.703297	 -0.843226	 0.828883
1	 2.499933	 -0.085761	 -0.031814	 2.878865
2	 2.499933	 0.707675	 -0.846631	 0.829198
1	 2.509700	 -0.085541	 -0.032984	 2.886594
2	 2.509700	 0.709095	 -0.848683	 0.822690
1	 2.519933	 -0.086167	 -0.033268	 2.887865
2	 2.519933	 0.713530	 -0.850337	 0.822140
1	 2.529933	 -0.085925	 -0.032819	 2.871543
2	 2.529933	 0.720093	 -0.851538	 0.824958
1	 2.539933	 -0.085677	 -0.033093	 2.872810
2	 2.539933	 0.725385	 -0.855820	 0.822641
1	 2.539933	 -0.085441	 -0.031773	 2.879815
1	 2.549700	 -0.083448	 -0.032034	 2.880200
2	 2.549700	 0.730358	 -0.857295	 0.832489
1	 2.559700	 -0.083235	 -0.032308	 2.862785
1	 2.569700	 -0.082131	 -0.031716	 2.862290
2	 2.569700	 0.730225	 -0.863221	 0.837119
1	 2.579933	 -0.081851	 -0.031180	 2.873368
2	 2.579933	 0.737571	 -0.865241	 0.834483
1	 2.589700	 -0.081610	 -0.031473	 2.872887
2	 2.589700	 0.742026	 -0.868617	 0.833021
1	 2.589700	 -0.081355	 -0.032676	 2.871642
1	 2.599933	 -0.082863	 -0.032991	 2.871169
2	 2.599933	 0.745983	 -0.872269	 0.834385
1	 2.609933	 -0.080880	 -0.033291	 2.857136
2	 2.609933	 0.748655	 -0.875608	 0.834656
1	 2.619933	 -0.081513	 -0.033595	 2.856658
2	 2.619933	 0.754483	 -0.875745	 0.835246
1	 2.629933	 -0.082147	 -0.033939	 2.855255
1	 2.639933	 -0.081903	 -0.034222	 2.855648
2	 2.639933	 0.757931	 -0.880000	 0.839016
1	 2.639933	 -0.082515	 -0.034521	 2.843994
2	 2.639933	 0.762162	 -0.881387	 0.829920
1	 2.649933	 -0.083156	 -0.033941	 2.844381
1	 2.659700	 -0.083813	 -0.034356	 2.833737
2	 2.659700	 0.764715	 -0.886494	 0.833670
1	 2.669933	 -0.084432	 -0.035524	 2.834143
1	 2.679933	 -0.085073	 -0.034925	 2.838424
1	 2.689933	 -0.083951	 -0.035187	 2.839687
1	 2.689933	 -0.083710	 -0.035516	 2.832138
2	 2.689933	 0.766682	 -0.891807	 0.845969
1	 2.699933	 -0.084340	 -0.035810	 2.832535
1	 2.709700	 -0.084090	 -0.035224	 2.842738
2	 2.709700	 0.769220	 -0.897782	 0.849706
1	 2.720000	 -0.082989	 -0.034642	 2.841368
2	 2.720000	 0.769758	 -0.898009	 0.849778
1	 2.729933	 -0.083653	 -0.033158	 2.843580
2	 2.729933	 0.774210	 -0.900508	 0.850053
1	 2.739933	 -0.082545	 -0.032555	 2.843959
2	 2.739933	 0.779554	 -0.900197	 0.861204
1	 2.739933	 -0.081439	 -0.032041	 2.830314
2	 2.739933	 0.782331	 -0.901743	 0.859732
1	 2.749933	 -0.080321	 -0.032313	 2.830703
2	 2.749933	 0.787469	 -0.904798	 0.858698
1	 2.759933	 -0.080082	 -0.032488	 2.825465
2	 2.759933	 0.791064	 -0.907254	 0.858965
1	 2.769933	 -0.078093	 -0.032758	 2.824975
2	 2.769933	 0.796985	 -0.906196	 0.863303
1	 2.779933	 -0.078705	 -0.033043	 2.825847
2	 2.779933	 0.801482	 -0.908656	 0.862702
1	 2.789933	 -0.078449	 -0.034200	 2.826250
2	 2.789933	 0.808063	 -0.908719	 0.853802
1	 2.789933	 -0.077329	 -0.032719	 2.841899
2	 2.789933	 0.811632	 -0.912043	 0.854926
1	 2.799933	 -0.078837	 -0.033035	 2.841426
2	 2.799933	 0.811197	 -0.913031	 0.854591
1	 2.809933	 -0.081223	 -0.032491	 2.841863
2	 2.809933	 0.816563	 -0.915513	 0.853989
1	 2.819933	 -0.078345	 -0.033614	 2.842254
2	 2.819933	 0.818179	 -0.918324	 0.846426
1	 2.829933	 -0.079856	 -0.032988	 2.843853
2	 2.829933	 0.822671	 -0.920787	 0.845806
1	 2.838467	 -0.081371	 -0.032420	 2.844243
2	 2.840000	 0.826055	 -0.920571	 0.854569
1	 2.840000	 -0.081099	 -0.033532	 2.850415
2	 2.840000	 0.830521	 -0.923898	 0.853947
1	 2.850000	 -0.080881	 -0.032077	 2.849913
2	 2.850000	 0.841310	 -0.923225	 0.859631
1	 2.859933	 -0.082340	 -0.033251	 2.868336
2	 2.859933	 0.844055	 -0.925625	 0.859871
1	 2.870000	 -0.080350	 -0.033521	 2.867847
2	 2.870000	 0.844967	 -0.928261	 0.853120
1	 2.879933	 -0.082758	 -0.031181	 2.865848
2	 2.879933	 0.848551	 -0.932430	 0.852468
1	 2.889933	 -0.081625	 -0.032316	 2.867121
2	 2.889933	 0.848666	 -0.934140	 0.850961
1	 2.889933	 -0.079636	 -0.032550	 2.852479
1	 2.899933	 -0.080265	 -0.032844	 2.852875
2	 2.899933	 0.850345	 -0.940047	 0.854659
1	 2.909933	 -0.080897	 -0.032287	 2.857234
2	 2.909933	 0.853511	 -0.941713	 0.853474
1	 2.919933	 -0.078908	 -0.032557	 2.856744
2	 2.919933	 0.857989	 -0.944163	 0.853715
1	 2.930000	 -0.078678	 -0.032009	 2.856315
2	 2.930000	 0.862595	 -0.942347	 0.862728
1	 2.939000	 -0.080192	 -0.032346	 2.854093
2	 2.939933	 0.865306	 -0.945606	 0.862957
1	 2.939933	 -0.076448	 -0.032604	 2.860207
2	 2.939933	 0.870577	 -0.946655	 0.862685
1	 2.949933	 -0.076219	 -0.032023	 2.859715
1	 2.959933	 -0.077736	 -0.031425	 2.857162
1	 2.969933	 -0.076632	 -0.030832	 2.856667
2	 2.969933	 0.870414	 -0.953399	 0.869860
1	 2.979933	 -0.075510	 -0.031032	 2.862611
1	 2.989933	 -0.075289	 -0.029567	 2.862983
1	 2.989933	 -0.075921	 -0.029941	 2.865313
1	 2.999933	 -0.076515	 -0.032858	 2.865740
1	 3.009933	 -0.078898	 -0.032346	 2.864420
1	 3.019933	 -0.077776	 -0.032606	 2.865683
1	 3.030000	 -0.078414	 -0.031991	 2.861550
1	 3.030000	 -0.079055	 -0.031411	 2.861937
1	 3.039933	 -0.077937	 -0.031705	 2.860035
1	 3.049933	 -0.079452	 -0.031137	 2.860426
1	 3.059933	 -0.079185	 -0.032286	 2.862809
1	 3.070000	 -0.077213	 -0.030786	 2.864048
1	 3.080000	 -0.075240	 -0.031106	 2.851519
1	 3.080000	 -0.076740	 -0.031402	 2.852794
1	 3.089933	 -0.075602	 -0.031692	 2.858328
2	 3.089933	 0.843362	 -0.987214	 0.937297
1	 3.099933	 -0.074487	 -0.031973	 2.857842
2	 3.099933	 0.847875	 -0.989619	 0.935805
1	 3.109933	 -0.076012	 -0.031388	 2.854744
2	 3.109933	 0.848290	 -0.991626	 0.931175
1	 3.119933	 -0.077515	 -0.031694	 2.855145
2	 3.119933	 0.851922	 -0.994008	 0.929674
1	 3.129933	 -0.072870	 -0.031907	 2.869314
2	 3.129933	 0.852695	 -0.993480	 0.932760
1	 3.129933	 -0.072628	 -0.032200	 2.868832
2	 3.139933	 0.857171	 -0.996755	 0.931259
1	 3.139933	 -0.074113	 -0.032450	 2.873938
2	 3.139933	 0.863734	 -0.993668	 0.937421
1	 3.149933	 -0.075619	 -0.032767	 2.873464
2	 3.149933	 0.866417	 -0.996904	 0.938531
1	 3.159700	 -0.076242	 -0.033047	 2.871243
2	 3.159700	 0.876853	 -0.994212	 0.943441
1	 3.169933	 -0.075123	 -0.033317	 2.871631
2	 3.169933	 0.880516	 -0.996559	 0.941931
1	 3.179933	 -0.074882	 -0.033590	 2.865173
2	 3.179933	 0.879189	 -0.999663	 0.936439
1	 3.179933	 -0.074649	 -0.032999	 2.865555
2	 3.190000	 0.881922	 -1.002007	 0.936675
1	 3.190000	 -0.075286	 -0.033327	 2.861812
2	 3.190000	 0.880605	 -1.011450	 0.919097
1	 3.199933	 -0.074155	 -0.034471	 2.862211
2	 3.199933	 0.884252	 -1.013816	 0.916700
1	 3.209933	 -0.076568	 -0.033971	 2.856826
2	 3.209933	 0.880756	 -1.020655	 0.900714
1	 3.219933	 -0.075445	 -0.034230	 2.858089
2	 3.219933	 0.884388	 -1.022175	 0.899188
1	 3.229933	 -0.074327	 -0.034500	 2.859762
2	 3.229933	 0.885501	 -1.024418	 0.894789
1	 3.238233	 -0.074094	 -0.033908	 2.860144
2	 3.240000	 0.889053	 -1.027698	 0.894119
1	 3.240000	 -0.074732	 -0.033369	 2.861988
2	 3.240000	 0.891850	 -1.026450	 0.901336
1	 3.249933	 -0.075374	 -0.032790	 2.862374
2	 3.249933	 0.896320	 -1.028859	 0.899814
1	 3.259933	 -0.074249	 -0.033024	 2.866016
2	 3.259933	 0.896437	 -1.033015	 0.890215
1	 3.269933	 -0.074884	 -0.032424	 2.868150
2	 3.269933	 0.899955	 -1.037165	 0.889536
1	 3.279933	 -0.073785	 -0.031881	 2.873179
2	 3.279933	 0.903350	 -1.036747	 0.896317
1	 3.289933	 -0.072678	 -0.031277	 2.873557
2	 3.289933	 0.906866	 -1.040886	 0.895644
1	 3.289933	 -0.071563	 -0.031558	 2.876664
2	 3.289933	 0.913808	 -1.037683	 0.908593
1	 3.300000	 -0.071330	 -0.030966	 2.877045
2	 3.300000	 0.917358	 -1.040928	 0.907940
1	 3.309933	 -0.071958	 -0.031254	 2.879659
2	 3.309933	 0.916480	 -1.039648	 0.918380
1	 3.320000	 -0.071710	 -0.031525	 2.880925
2	 3.320000	 0.920916	 -1.042032	 0.917759
1	 3.329933	 -0.068841	 -0.031753	 2.884519
2	 3.329933	 0.924271	 -1.044786	 0.912887
1	 3.339733	 -0.070348	 -0.032071	 2.884045
2	 3.339933	 0.927006	 -1.046235	 0.911387
1	 3.339933	 -0.071015	 -0.031497	 2.876041
2	 3.339933	 0.934524	 -1.047006	 0.912851
1	 3.349933	 -0.071632	 -0.032666	 2.876448
2	 3.349933	 0.938992	 -1.049374	 0.911342
1	 3.359933	 -0.073143	 -0.033876	 2.873898
2	 3.359933	 0.942090	 -1.048077	 0.916239
1	 3.369933	 -0.072898	 -0.034158	 2.874291
2	 3.369933	 0.946537	 -1.050448	 0.915608
1	 3.379933	 -0.071769	 -0.034438	 2.884886
2	 3.379933	 0.948208	 -1.051827	 0.917832
1	 3.389933	 -0.073257	 -0.035608	 2.886172
2	 3.389933	 0.953591	 -1.053326	 0.915470
1	 3.389933	 -0.072156	 -0.035919	 2.884829
2	 3.389933	 0.955119	 -1.051933	 0.921992
1	 3.399933	 -0.071945	 -0.034486	 2.882577
2	 3.399933	 0.961306	 -1.055205	 0.920492
1	 3.409933	 -0.072606	 -0.033918	 2.875345
2	 3.409933	 0.958494	 -1.059843	 0.914869
1	 3.419933	 -0.072374	 -0.033326	 2.875727
2	 3.419933	 0.962023	 -1.063053	 0.914233
1	 3.429933	 -0.070383	 -0.033587	 2.876763
2	 3.429933	 0.959897	 -1.070005	 0.903169
1	 3.440000	 -0.070166	 -0.032132	 2.876260
2	 3.440000	 0.963438	 -1.072356	 0.902536
1	 3.440000	 -0.069939	 -0.032466	 2.876489
2	 3.440000	 0.968533	 -1.072803	 0.907308
1	 3.449700	 -0.068829	 -0.031850	 2.877742
2	 3.449700	 0.972033	 -1.076028	 0.907541
1	 3.459700	 -0.068578	 -0.033012	 2.878637
2	 3.459700	 0.973469	 -1.075689	 0.912648
1	 3.469933	 -0.068342	 -0.033327	 2.876407
2	 3.469933	 0.977049	 -1.078001	 0.910277
1	 3.479933	 -0.068104	 -0.033630	 2.879727
2	 3.479933	 0.979968	 -1.083017	 0.906527
1	 3.489933	 -0.067884	 -0.032164	 2.880098
2	 3.489933	 0.981780	 -1.084428	 0.905904
1	 3.489933	 -0.067643	 -0.032419	 2.878662
2	 3.489933	 0.980536	 -1.087817	 0.901323
1	 3.499933	 -0.068275	 -0.032725	 2.878184
2	 3.499933	 0.984032	 -1.090172	 0.901575
1	 3.509933	 -0.068901	 -0.033026	 2.881562
2	 3.509933	 0.980698	 -1.093926	 0.899784
1	 3.519933	 -0.069533	 -0.033332	 2.881085
2	 3.519933	 0.984155	 -1.096295	 0.900918
1	 3.529700	 -0.068384	 -0.035338	 2.882081
2	 3.529700	 0.980423	 -1.101928	 0.886370
1	 3.539933	 -0.068142	 -0.035631	 2.881599
2	 3.539933	 0.983800	 -1.106061	 0.887482
1	 3.539933	 -0.068793	 -0.035039	 2.874100
2	 3.539933	 0.982521	 -1.109974	 0.882559
1	 3.549933	 -0.069425	 -0.035344	 2.873622
2	 3.549933	 0.985984	 -1.111479	 0.882833
1	 3.559933	 -0.070032	 -0.034706	 2.881753
2	 3.559933	 0.984393	 -1.115346	 0.878271
1	 3.569700	 -0.069787	 -0.034988	 2.882145
2	 3.569700	 0.987831	 -1.117718	 0.877666
1	 3.579000	 -0.070405	 -0.035232	 2.881473
2	 3.579700	 0.987644	 -1.122637	 0.870598
1	 3.579700	 -0.071034	 -0.035526	 2.881869
2	 3.586933	 0.991919	 -1.125917	 0.869982
1	 3.589933	 -0.070820	 -0.034976	 2.877237
2	 3.589933	 0.994369	 -1.123998	 0.874777
1	 3.599933	 -0.069713	 -0.034371	 2.877615
2	 3.599933	 0.996874	 -1.127226	 0.875035
1	 3.609933	 -0.069502	 -0.032878	 2.872195
2	 3.609933	 0.994465	 -1.133763	 0.863292
1	 3.619933	 -0.069263	 -0.033182	 2.870839
2	 3.619933	 1.000452	 -1.137112	 0.863556
1	 3.629933	 -0.069022	 -0.032579	 2.874622
2	 3.629933	 1.001664	 -1.138674	 0.864300
1	 3.629933	 -0.067916	 -0.031974	 2.874999
2	 3.639700	 1.005052	 -1.141064	 0.864569
1	 3.639700	 -0.068554	 -0.032269	 2.870281
2	 3.639700	 1.008422	 -1.140959	 0.868882
1	 3.649700	 -0.068321	 -0.031676	 2.870662
2	 3.649700	 1.011831	 -1.143326	 0.868282
1	 3.659700	 -0.068074	 -0.032867	 2.873918
2	 3.659700	 1.014577	 -1.143017	 0.875245
1	 3.670000	 -0.067832	 -0.033160	 2.873436
2	 3.670000	 1.017980	 -1.145376	 0.874655
1	 3.679933	 -0.065841	 -0.033462	 2.880229
2	 3.679933	 1.021399	 -1.151107	 0.864686
1	 3.679933	 -0.066482	 -0.032883	 2.880614
2	 3.689700	 1.023913	 -1.155173	 0.862306
1	 3.689700	 -0.067130	 -0.032334	 2.883544
2	 3.689700	 1.029059	 -1.150865	 0.874268
1	 3.699700	 -0.066885	 -0.032616	 2.883936
2	 3.699700	 1.032434	 -1.154089	 0.873664
1	 3.709933	 -0.067514	 -0.033797	 2.879334
2	 3.709933	 1.037676	 -1.150320	 0.883456
1	 3.720000	 -0.067275	 -0.033182	 2.881464
2	 3.720000	 1.041930	 -1.153556	 0.882862
1	 3.729700	 -0.067052	 -0.032627	 2.880800
2	 3.729700	 1.046907	 -1.149762	 0.888989
1	 3.729700	 -0.066803	 -0.032897	 2.882067
2	 3.740000	 1.051197	 -1.151251	 0.889299
1	 3.740000	 -0.068334	 -0.033254	 2.876931
2	 3.740000	 1.047405	 -1.154391	 0.889301
1	 3.749933	 -0.067212	 -0.033511	 2.878194
2	 3.749933	 1.052570	 -1.156756	 0.887860
1	 3.759933	 -0.066095	 -0.033786	 2.878247
2	 3.759933	 1.057473	 -1.152177	 0.901755
1	 3.769933	 -0.065850	 -0.034068	 2.878640
2	 3.769933	 1.060845	 -1.155351	 0.901183
1	 3.779933	 -0.066494	 -0.033482	 2.876737
2	 3.779933	 1.059810	 -1.157056	 0.899096
1	 3.779933	 -0.067123	 -0.033777	 2.877133
2	 3.790000	 1.063178	 -1.159372	 0.899412
1	 3.790000	 -0.066910	 -0.033215	 2.873097
2	 3.790000	 1.057148	 -1.166723	 0.887710
1	 3.799933	 -0.066688	 -0.031737	 2.874342
2	 3.799933	 1.060455	 -1.170791	 0.887128
1	 3.809933	 -0.065492	 -0.034591	 2.884807
2	 3.809933	 1.063250	 -1.172312	 0.885312
1	 3.819933	 -0.067028	 -0.033173	 2.883436
2	 3.819933	 1.064854	 -1.175436	 0.883860
1	 3.829933	 -0.066779	 -0.033444	 2.885102
2	 3.829933	 1.070205	 -1.173952	 0.886958
1	 3.829933	 -0.066534	 -0.033726	 2.885494
2	 3.839933	 1.075315	 -1.176319	 0.886406
1	 3.839933	 -0.066293	 -0.033110	 2.887018
2	 3.839933	 1.072848	 -1.175339	 0.890901
1	 3.849933	 -0.065160	 -0.034252	 2.887418
2	 3.849933	 1.076117	 -1.179405	 0.891205
1	 3.860000	 -0.064072	 -0.034596	 2.885294
2	 3.860000	 1.077067	 -1.176069	 0.899614
1	 3.869933	 -0.063830	 -0.034889	 2.884812
2	 3.869933	 1.081276	 -1.179252	 0.898194
1	 3.874933	 -0.064467	 -0.034304	 2.886387
2	 3.880000	 1.079776	 -1.180776	 0.899087
1	 3.880000	 -0.063364	 -0.033710	 2.885890
2	 3.890000	 1.082253	 -1.183028	 0.897679
1	 3.890000	 -0.063117	 -0.034006	 2.890225
2	 3.890000	 1.080352	 -1.185735	 0.896674
1	 3.899933	 -0.063759	 -0.033427	 2.890610
2	 3.899933	 1.084541	 -1.188058	 0.896152
1	 3.909933	 -0.063504	 -0.032804	 2.895314
2	 3.909933	 1.088382	 -1.184102	 0.903772
1	 3.920000	 -0.063258	 -0.033086	 2.895707
2	 3.920000	 1.091670	 -1.187254	 0.903242
1	 3.929933	 -0.063038	 -0.032541	 2.898295
2	 3.929933	 1.089919	 -1.188014	 0.903884
1	 3.929933	 -0.061904	 -0.033683	 2.898695
2	 3.939933	 1.093180	 -1.190314	 0.905125
1	 3.940000	 -0.061657	 -0.033944	 2.896782
2	 3.940000	 1.093262	 -1.192324	 0.903494
1	 3.950000	 -0.063176	 -0.033390	 2.896296
2	 3.950000	 1.096578	 -1.194583	 0.902114
1	 3.959933	 -0.062955	 -0.033712	 2.891549
2	 3.959933	 1.091495	 -1.194221	 0.908749
1	 3.969933	 -0.061832	 -0.033968	 2.892812
2	 3.969933	 1.094718	 -1.197374	 0.909123
1	 3.979933	 -0.062471	 -0.034316	 2.898534
2	 3.979933	 1.098442	 -1.194136	 0.914076
1	 3.979933	 -0.062225	 -0.034598	 2.898927
2	 3.990000	 1.103436	 -1.197320	 0.913585
1	 3.990000	 -0.061097	 -0.034857	 2.896911
2	 3.990000	 1.103550	 -1.196363	 0.918301
1	 4.000000	 -0.061712	 -0.036026	 2.897319
2	 4.000000	 1.107642	 -1.199523	 0.918690
1	 4.009933	 -0.061479	 -0.036319	 2.892478
2	 4.009933	 1.105338	 -1.202161	 0.913335
1	 4.020000	 -0.062135	 -0.034866	 2.892851
2	 4.020000	 1.109395	 -1.205338	 0.914601
1	 4.029933	 -0.060994	 -0.036013	 2.899044
2	 4.029933	 1.110350	 -1.200900	 0.920708
1	 4.029933	 -0.060764	 -0.035432	 2.898551
2	 4.040000	 1.112666	 -1.204851	 0.920218
1	 4.040000	 -0.060537	 -0.035752	 2.897832
2	 4.040000	 1.112629	 -1.202987	 0.924880
1	 4.050000	 -0.061163	 -0.036036	 2.899103
2	 4.050000	 1.115841	 -1.206083	 0.924415
1	 4.060000	 -0.060963	 -0.035505	 2.896173
2	 4.060000	 1.108143	 -1.204221	 0.935027
1	 4.069933	 -0.060714	 -0.035775	 2.897440
2	 4.069933	 1.111358	 -1.206432	 0.934602
1	 4.080000	 -0.059582	 -0.036926	 2.897388
2	 4.080000	 1.113399	 -1.205078	 0.936107
1	 4.080000	 -0.061104	 -0.036384	 2.896028
2	 4.089933	 1.117456	 -1.208185	 0.935672
1	 4.089933	 -0.060881	 -0.036696	 2.890928
2	 4.089933	 1.114931	 -1.208915	 0.939932
1	 4.100000	 -0.060636	 -0.036978	 2.891321
2	 4.100000	 1.119023	 -1.211131	 0.938645
1	 4.109933	 -0.061247	 -0.037257	 2.894030
2	 4.109933	 1.116642	 -1.210437	 0.940896
1	 4.120000	 -0.061903	 -0.035804	 2.894403
2	 4.120000	 1.119724	 -1.214407	 0.942213
1	 4.130000	 -0.062546	 -0.036137	 2.896773
2	 4.130000	 1.118326	 -1.213746	 0.946253
1	 4.130000	 -0.062303	 -0.036430	 2.896291
2	 4.139933	 1.124114	 -1.216882	 0.944973
1	 4.139933	 -0.063800	 -0.036734	 2.900512
2	 4.139933	 1.120672	 -1.211829	 0.951667
1	 4.150000	 -0.061806	 -0.036987	 2.900897
2	 4.150000	 1.123760	 -1.214905	 0.953021
1	 4.160000	 -0.061589	 -0.036426	 2.903838
2	 4.160000	 1.122066	 -1.212064	 0.956795
1	 4.170000	 -0.062231	 -0.035847	 2.904223
2	 4.170000	 1.125207	 -1.215090	 0.955534
1	 4.180000	 -0.061150	 -0.035265	 2.900665
2	 4.180000	 1.124408	 -1.210259	 0.966008
1	 4.180000	 -0.062652	 -0.035574	 2.901065
2	 4.190000	 1.126622	 -1.213265	 0.966512
1	 4.190000	 -0.059788	 -0.035810	 2.899670
2	 4.190000	 1.126484	 -1.211631	 0.970286
1	 4.200000	 -0.059545	 -0.036103	 2.899188
2	 4.200000	 1.129550	 -1.215519	 0.969914
1	 4.210000	 -0.059300	 -0.036353	 2.897398
2	 4.210000	 1.122844	 -1.214668	 0.974710
